T + 0 (low):
0.9836
0.9925
0.9895
0.9881
0.9865
0.9864
0.9869
0.9897
0.9967
0.9898
0.9865
0.9891
0.9862
0.9851
0.97391
0.9822
0.9858
0.9835
0.9876
0.9784
0.9842
0.9868
0.9745
0.9874
0.9859
0.9822
0.9906
0.9898
0.9862
0.9768
0.9738
0.994
0.9808
0.9878
0.9846
1.0013
0.9864
0.9868
0.9861
0.9847
0.9862
0.990188888889
0.9896
0.9853
0.9931
0.9856
0.9793
0.9907
0.9825
0.9833
0.9888
0.9882
0.9791
0.9863
0.98059
0.9903
0.9927
0.9875
0.9831
0.9852
0.9742
0.9883
0.9872
0.9913
0.9854
0.989
0.9875
0.9894
0.9743
0.9853
0.9829
0.9931
0.9925
0.987
0.9875
0.9923
0.9991
0.9909
0.9879
0.9851
0.9924
0.9859
0.9866
0.9925
0.994
0.9864
0.9869
0.9751
0.9775
0.9834
0.991
0.9915
0.9801
0.989
0.9868
0.9889
0.9891
0.9823
0.9835
0.9847
T + 3 (up):
1
1
1
1
1
1
1
1
1
1
1
1
1
1
1
1
1
1
1
1
1
1
1
1
1
0
1
1
1
1
1
1
1
1
1
1
1
1
1
1
1
1
1
1
1
1
1
1
1
1
1
1
1
1
1
1
1
1
1
1
1
1
1
1
1
1
1
1
1
1
1
1
1
1
1
1
1
1
1
1
1
1
1
1
1
1
1
1
1
1
1
1
1
1
1
1
1
1
1
1
