T + 0 (low):
0.9955
0.9876
0.9945
0.9917
0.9894
0.9939
0.985688888889
0.9943
0.9877
0.9905
0.9931
0.9906
0.9907
0.9863
0.9935
0.9954
0.9939
0.986
0.9938
0.991796
0.9952
0.9923
0.9889
0.9886
0.9948
0.9893
0.9922
0.991
0.9956
0.993509090909
0.9886
0.994891666667
0.9874
0.9956
0.9994
0.992711111111
0.993
0.9904
0.9891
0.9966
0.9897
0.9892
0.9989
0.9966
0.9926
0.99
0.98
0.9948
0.9924
0.9952
0.988
0.9893
0.9926
0.9872
0.9909
0.9875
0.9918
0.9891
0.9947
0.9843
0.9918
0.9906
0.9948
0.9904
0.9906
0.9946
0.9887
0.9798
0.9909
0.9943
0.988111111111
0.9977
0.9883
0.9928
0.98609
0.9927
0.98709
0.984111111111
0.9871
0.9913
0.9855
0.993492307692
0.9897
0.99309
0.9952
0.9909
0.9962
0.9942
0.989611111111
0.9937
0.9891
0.992
0.9907
0.99
0.9918
0.9926
0.9955
0.9906
0.9917
0.9894
T + 3 (up):
1
0
0
1
1
1
0
1
1
1
1
0
1
1
1
1
1
1
1
1
1
1
1
1
1
1
1
1
0
0
1
1
1
1
1
1
1
1
1
1
1
1
0
1
1
1
1
1
1
1
0
1
1
1
1
0
1
1
1
0
1
1
1
1
1
1
1
1
0
1
0
1
1
1
1
1
1
1
1
1
0
0
1
1
0
1
1
1
1
1
1
0
0
1
1
1
1
1
1
1
