T + 0 (low):
0.9903
0.9875
0.9943
0.9886
0.9912
0.9842
0.9871
0.9873
0.9752
0.988
0.987011111111
0.9872
0.9811
0.9921
0.9865
0.9913
0.9884
0.9884
0.989
0.9891
0.9919
0.9874
0.9922
0.988088888889
0.9886
0.995
0.9838
0.9887
0.9911
0.9907
0.9884
0.99
0.9872
0.9887
0.9875
0.9799
0.9895
0.9791
0.988
0.9897
0.9914
0.9945
0.9884
0.9927
0.9845
0.9935
0.9904
0.9869
0.987008333333
0.9896
0.9915
0.9926
0.9905
0.9821
0.9897
0.9814
0.981
0.985
0.9899
0.9894
0.9884
0.9834
0.9885
0.9849
0.9815
0.987494444444
0.9865
0.9892
0.982
0.984711111111
0.9822
0.9843
0.9927
0.9892
0.9826
0.9818
0.9897
0.982
0.9861
0.9872
0.988
0.9893
0.9915
0.987
0.9807
0.9846
0.9837
0.9899
0.992411111111
0.9852
0.9899
0.9925
0.9924
0.9877
0.9905
0.9903
0.9943
0.9928
0.9857
0.9934
T + 3 (up):
1
1
1
1
1
1
1
1
1
1
1
1
1
1
1
1
1
1
1
1
1
1
1
1
1
1
1
1
1
1
0
1
1
1
1
1
1
1
1
1
1
1
1
1
1
1
1
1
1
0
1
0
1
1
1
1
0
1
1
1
1
1
1
1
1
1
1
1
1
1
1
1
1
1
1
1
1
1
1
1
1
1
1
1
1
1
1
1
1
1
1
1
1
1
1
1
0
1
1
1
