T + 0 (low):
0.9789
0.9821
0.9911
0.9799
0.9883
0.9838
0.9889
0.9876
0.9904
0.994
0.9784
0.9896
0.977
0.9918
0.9837
0.99
0.9873
0.9824
0.9875
0.9916
0.9824
0.9787
0.985111111111
0.9853
0.9734
0.9824
0.9856
0.9928
0.9799
0.9899
0.9791
0.9986
0.9891
0.9885
0.985791304348
0.9787
0.9814
0.989
0.98791
0.9737
0.987
0.9888
0.9889
0.9891
0.9917
0.9788
0.9863
0.981307692308
0.9873
0.993
0.9898
0.9913
0.986
0.9869
0.9873
0.9909
0.9873
0.9762
0.9764
0.98821
0.9851
0.9903
0.9944
0.9845
0.9922
0.9877
0.991805555556
0.994
0.9869
0.9822
0.9893
0.993
0.9895
0.983
0.9863
0.9833
0.9871
0.99
0.9907
0.996788888889
0.985
0.9802
0.9834
0.9897
0.9867
0.9901
0.9866
0.9857
0.9953
0.9894
0.992
0.9833
0.9889
0.9895
0.9891
0.9865
0.9874
0.9876
0.9964
0.981290909091
T + 3 (up):
1
1
1
1
1
1
1
1
1
1
1
1
1
1
1
1
1
1
1
1
1
0
1
1
1
1
1
1
0
1
1
1
1
1
1
1
1
1
1
1
1
1
1
1
1
1
1
1
1
1
0
0
1
1
1
1
1
1
1
1
1
1
1
1
1
1
1
1
1
1
1
0
1
1
1
1
1
1
1
1
1
1
1
1
1
1
1
1
1
0
1
1
1
1
1
1
1
1
1
1
