T + 0 (low):
0.9912
0.9847
0.9911
0.9829
0.9863
0.9945
0.986
0.9969
0.9898
0.9881
0.9876
0.9903
0.9833
0.9866
0.9886
0.988190909091
0.9922
0.9884
0.9869
0.9945
0.9892
0.9827
0.9867
0.9865
0.9866
0.9879
0.991611111111
0.9874
0.988
0.9932
0.9816
0.9929
0.991
0.9831
0.9806
0.9944
0.9856
0.9886
0.9793
0.9884
0.9884
0.9888
0.9891
0.9849
0.9918
0.990419444444
0.9882
0.9904
0.9851
0.9948
0.9878
0.989688888889
0.9899
0.9869
0.9826
0.9858
0.9868
0.9867
0.9902
0.9827
0.9899
0.9879
0.9915
0.9839
0.9894
0.9878
0.9909
0.994307142857
0.9864
0.988811111111
0.9914
0.9876
0.9934
0.991
0.9863
0.9843
0.9897
0.9881
0.9836
0.9975
0.9882
0.9804
0.9785
0.9824
0.9902
0.9901
0.9832
0.9859
0.992
0.9894
0.9828
0.9821
0.9835
0.9889
0.987
0.9907
0.9818
0.9851
0.9761
0.9877
T + 3 (up):
1
1
1
1
1
1
0
1
1
1
1
1
1
1
1
1
1
1
0
1
1
1
1
1
1
0
1
1
1
1
1
1
1
1
1
1
1
1
1
1
1
1
0
1
1
1
1
1
1
1
1
1
1
0
1
1
1
1
0
1
1
1
1
1
1
1
1
1
1
1
1
1
1
1
1
0
1
1
1
1
1
1
1
1
1
1
1
1
1
1
1
1
1
1
1
1
1
1
1
1
