T + 0 (low):
0.989
0.98929
0.9851
0.9867
0.9891
0.9894
0.9557
0.9889
0.9936
0.9862
0.986
0.992
0.9938
0.9929
0.9904
0.992
0.9909
0.9864
0.9892
0.987595
0.9941
0.9849
0.9846
0.990490909091
0.99
0.9927
0.9841
0.99
0.9868
0.989888888889
0.9888
0.9907
0.9844
0.991488888889
0.9907
0.9951
0.9935
0.9855
0.9936
0.9896
0.997
0.9921
0.9912
0.9937
0.9899
0.9922
0.9898
0.9929
0.9849
0.990108333333
0.9824
0.994492857143
0.99
0.9863
0.9887
0.9885
0.9928
0.9899
0.9916
0.9925
0.9929
0.9905
0.9919
0.9897
0.990988888889
0.9905
0.9865
0.98841
0.9934
0.9906
0.9897
0.9831
0.9917
0.9852
0.987
0.991690909091
0.987
0.9825
0.9818
0.9899
0.989092307692
0.9892
0.9937
0.9851
0.990911111111
0.9878
0.987
0.9914
0.9914
0.9874
0.9866
0.9882
0.9861
0.9963
0.9954
0.988411111111
0.9916
0.9916
0.9854
0.989195833333
T + 3 (up):
1
1
1
0
1
1
1
1
1
1
1
1
1
1
1
1
1
1
0
1
1
1
1
1
1
1
1
0
1
1
1
0
1
1
1
0
1
1
1
1
0
1
0
1
1
1
1
1
1
1
1
1
1
1
1
1
1
1
1
0
1
1
1
1
0
1
1
1
1
1
1
1
1
1
1
1
1
1
1
1
1
0
1
1
1
1
1
1
1
1
1
0
0
1
1
1
1
1
1
1
