T + 0 (low):
0.99
0.994409090909
0.988388888889
0.9854
0.9841
0.9874
0.98851
0.9891
0.9867
0.991
0.9895
0.9917
0.9966
0.986491666667
0.9834
0.9891
0.9898
0.9843
0.9883
0.9848
0.9901
0.9924
0.9892
0.9938
0.9895
0.9951
0.9871
0.9915
0.9878
0.989
0.9863
0.9863
0.9921
0.9911
0.995
0.986105263158
0.9837
0.9818
0.9897
0.9909
0.9942
0.9965
0.985
0.9882
0.991388888889
0.9918
0.9883
0.991011111111
0.9928
0.9947
0.9886
0.9855
0.98
0.9878
0.9816
0.994
0.9831
0.9935
0.9896
0.99099
0.991
0.995
0.9887
0.9893
0.9957
0.987591666667
0.986192307692
0.994588888889
0.9829
0.9851
0.9905
0.9912
0.9871
0.9936
0.9944
0.9906
0.9896
0.9889
0.9864
0.9875
0.99340952381
0.9946
0.9888
0.9869
0.9871
0.9953
0.9902
0.988606666667
0.9825
0.9891
0.9883
0.9951
0.9913
0.9858
0.9907
0.9911
0.9877
0.9831
0.986088888889
0.992511111111
T + 3 (up):
1
1
1
1
1
1
1
1
1
1
1
0
1
1
1
1
1
1
1
1
1
1
1
1
1
1
1
1
1
1
1
1
1
1
1
1
1
1
1
1
1
1
1
0
1
1
1
1
1
1
1
0
1
1
1
1
1
1
1
1
1
1
1
1
1
1
1
1
1
1
1
1
1
1
1
1
1
1
1
1
1
1
1
1
1
1
1
1
1
1
1
1
1
0
1
1
1
1
1
1
