T + 0 (low):
0.9795
0.9887
0.9863
0.9842
0.9864
0.9844
0.9862
0.9804
0.9882
0.9851
0.9739
0.9831
0.9765
0.983
0.9842
0.9854
0.9879
0.9911
0.9908
0.9838
0.9781
0.9833
0.9794
0.9809
0.9833
0.978092857143
0.9839
0.985
0.9852
0.9837
0.983909090909
0.984888888889
0.9854
0.989590909091
0.9806
0.9906
0.9865
0.9905
0.9768
0.99
0.9842
0.9847
0.99819
0.9842
0.9834
0.979
0.9801
0.9851
0.98
0.9887
0.9755
0.982
0.992
0.9797
0.9789
0.9802
0.9838
0.9782
0.9891
0.9823
0.9835
0.9808
0.9789
0.9813
0.9783
0.9848
0.9838
0.9907
0.9854
0.9764
0.9848
0.9942
0.9846
0.9779
0.9859
0.9736
0.9821
0.9767
0.9872
0.9913
0.9928
0.9923
0.9762
0.9921
0.9896
0.9845
0.9811
0.9861
0.9763
0.9852
0.9827
0.9804
0.9793
0.9833
0.9748
0.9873
0.9764
0.9811
0.9861
0.9825
T + 3 (up):
1
1
1
0
1
1
1
1
1
1
1
1
1
1
1
1
1
1
0
1
1
1
1
1
1
1
1
1
1
1
1
1
1
1
0
1
1
1
1
1
1
1
1
1
1
1
1
1
1
1
1
1
1
1
1
1
1
1
1
1
1
1
1
1
1
1
1
1
1
1
1
1
1
1
1
1
1
1
1
1
1
0
1
1
1
1
1
1
1
1
1
1
1
1
1
1
1
1
1
1
