T + 0 (low):
0.9883
0.9901
0.9952
0.983
0.986188888889
0.988210526316
0.9882
0.983
0.9917
0.9871
0.9943
0.9902
0.992
0.9879
0.9852
0.9892
0.9933
0.990797142857
0.9881
0.9856
0.9816
0.9853
0.9902
0.9852
0.988307692308
0.9901
0.995590909091
0.9887
0.9854
0.9919
0.990392307692
0.997491666667
0.9903
0.9914
0.99
0.9966
0.993
0.996905882353
0.9912
0.9917
0.9849
0.9877
0.9947
0.9921
0.9889
0.995688888889
0.9897
0.9952
0.991
0.9906
0.98579
0.9967
0.9904
0.9944
0.9864
0.9928
0.9887
0.996806111111
0.992306666667
0.9904
0.9898
0.9795
0.989
0.99261
0.9908
0.9868
0.9956
0.9936
0.9862
0.9871
0.987
0.991311111111
0.9946
0.992911111111
0.99
0.9899
0.99839
0.9931
0.9893
0.9862
0.986288888889
0.9875
0.989805555556
0.9888
0.9898
0.9872
0.9926
0.9891
0.9941
0.9872
0.9874
0.9875
0.9941
0.992
0.9961
0.9873
0.9906
0.9963
0.9953
0.9909
T + 3 (up):
1
1
1
0
1
1
1
1
1
1
1
1
1
1
1
1
1
1
1
1
1
1
1
1
1
1
1
1
1
1
0
1
1
0
0
0
1
1
1
0
1
1
1
1
1
1
1
1
1
1
1
1
1
1
1
1
1
1
1
1
1
1
1
1
1
1
1
1
1
1
1
1
1
1
1
1
1
1
1
1
1
1
1
1
1
1
0
1
1
1
1
1
1
1
1
1
1
1
1
1
