T + 0 (low):
0.992410344828
0.9885
0.9904
0.99320625
0.9872
0.9834
0.9916
0.9959
0.9944
0.9849
0.9845
0.9899
0.9857
0.9923
0.992605555556
0.9879
0.9954
0.9823
0.98021
0.9869
0.9914
0.9934
0.99290625
0.9833
0.984
0.9918
0.9882
0.9928
0.9919
0.99
0.988
0.9943
0.9884
0.9917
0.9901
0.988
0.9917
0.982
0.9899
0.9859
0.9745
0.988
0.984
0.9907
0.9877
0.9795
0.9825
0.987
0.9924
0.9872
0.9971
0.9898
0.9985
0.9884
0.9807
0.9854
0.9839
0.9864
0.9856
0.9847
0.9873
0.9953
0.9892
0.9899
0.9888
0.991088888889
0.9847
0.9907
0.9849
0.9902
0.9791
0.9915
0.993788888889
0.9954
0.9882
0.9904
0.9867
0.9898
0.9932
0.992188888889
0.9885
0.993992307692
0.984
0.9897
0.9901
0.984
0.9875
0.9917
0.9913
0.9915
0.9811
0.991390909091
0.9831
0.9868
0.9887
0.9894
0.989811111111
0.9891
0.9917
0.9911
T + 3 (up):
1
1
1
1
1
1
1
1
1
1
1
1
1
1
1
1
1
1
1
1
1
1
1
1
1
1
1
1
1
1
1
1
1
1
0
1
1
1
1
1
1
1
1
1
1
0
1
1
1
0
1
1
1
1
1
1
1
1
1
1
1
1
1
1
1
1
0
1
1
1
1
1
1
1
1
1
1
1
1
1
1
1
1
1
1
1
1
1
1
1
1
1
1
1
1
1
1
1
1
1
