T + 0 (low):
0.9935
0.9947
0.9939
0.9894
0.9879
0.9877
0.9888
0.988990909091
0.985288888889
1.0008
0.988288888889
0.9831
0.9899
0.9931
0.9877
0.9855
0.9926
0.9912
0.9951
0.9866
0.9965
0.993
0.9906
0.9803
0.986988888889
0.9786
0.9902
0.9919
0.9858
0.9935
0.9922
0.9879
0.9932
0.9916
0.9912
0.9959
0.9894
0.9908
0.9887
0.9802
0.9894
0.9871
0.9864
0.9883
0.9908
0.9928
0.9927
0.9873
0.9845
0.989
0.9921
0.9903
0.9935
0.9855
0.988
0.993905882353
0.9873
0.995
0.9945
0.9888
0.9904
0.9961
0.9873
0.9884
0.9904
0.9942
0.9917
0.9938
0.9852
0.9916
0.9886
0.9867
0.9874
0.9885
0.984
0.9918
0.9925
0.9931
0.9897
0.9786
0.985288888889
0.991
0.9877
0.9911
0.9851
0.9897
0.9815
0.9924
0.985711111111
0.9883
0.983888888889
0.9833
0.9891
0.9879
0.990094117647
0.9921
0.9902
0.9838
0.9916
0.992
T + 3 (up):
1
1
1
1
1
1
1
1
1
1
1
1
1
1
1
1
1
1
1
1
1
1
0
1
1
1
1
1
1
1
1
1
1
1
1
1
1
1
1
1
1
1
1
1
1
1
1
1
1
1
1
1
1
1
1
1
1
1
1
1
1
1
1
1
1
1
1
1
1
1
1
1
1
1
1
1
1
1
1
1
1
1
1
1
1
1
1
1
1
1
1
1
1
1
1
1
1
0
1
1
