T + 0 (low):
0.9947
0.992109090909
0.9909
0.9918
0.9854
0.9945
0.9945
0.9979
0.9851
0.9898
0.9933
0.9909
0.9909
0.9842
0.9895
0.9905
0.9894
0.9888
0.9924
0.9929
0.9959
0.9914
0.9925
0.9889
0.989
0.9986
0.9926
0.9911
0.9885
0.991604761905
0.9934
0.9896
0.9923
0.9915
0.990488888889
0.9849
0.9928
0.9972
0.9841
0.9909
0.9895
0.99501
0.9877
0.9923
0.9883
0.9849
0.9876
0.9939
0.9998
0.9873
0.9898
0.9908
0.986211111111
0.9851
0.991705263158
0.9897
0.9867
0.9878
0.9908
0.9861
0.9935
0.9899
0.9921
0.9923
0.9895
0.994588888889
0.992292307692
0.9915
0.9907
0.9898
0.9893
0.9893
0.9874
0.9912
0.990908333333
0.9942
0.997608
0.9876
0.986388888889
0.9875
0.99130952381
0.9934
0.997
0.9891
0.9922
0.9889
0.9952
0.996106666667
0.993511111111
0.9868
0.9895
0.9949
0.989
0.9876
0.9902
0.9917
0.9896
0.9944
0.9882
0.9879
T + 3 (up):
1
1
1
1
1
1
1
1
1
1
1
1
1
1
1
1
1
1
1
1
1
1
1
1
1
1
1
1
1
1
1
1
1
1
1
1
1
1
1
1
1
1
1
1
1
1
1
1
1
1
1
1
1
1
1
1
1
1
1
1
1
1
1
1
1
1
1
1
1
1
1
1
1
1
1
1
1
1
0
1
1
1
1
1
1
1
1
1
1
1
1
1
1
1
1
1
0
1
1
1
