T + 0 (low):
0.9827
0.9877
0.985
0.9905
0.9889
0.9909
0.9854
0.9765
0.9917
0.9826
0.9827
0.9866
0.9976
0.9882
0.9847
0.9817
0.9941
0.9913
0.9883
0.9832
0.9884
0.9892
0.9902
0.9811
0.9879
0.99
0.9849
0.982
0.9877
0.9885
0.9951
0.988
0.9931
0.9824
0.9917
0.976611111111
0.9843
0.991
0.9873
0.9918
0.9874
0.9861
0.991
0.9903
0.992
0.9881
0.9917
0.9927
0.9884
0.978
0.9873
0.9897
0.9874
0.9878
0.9851
0.993
0.9891
0.9922
0.9929
0.9832
0.9789
0.9832
0.9888
0.9847
0.988
0.9896
0.9825
0.9854
0.9808
0.9918
0.9867
0.9831
0.9881
0.9878
0.9875
0.99
0.9889
0.9886
0.9832
0.9966
0.9902
0.987
0.9883
0.9901
0.9955
0.9926
0.9856
0.9956
0.9929
0.9831
0.9916
0.9919
0.9888
0.9922
0.993011111111
0.99
0.9885
0.9818
0.9892
0.995
T + 3 (up):
1
1
1
1
1
1
1
1
1
1
1
1
1
1
1
1
0
1
1
1
1
1
1
1
1
1
1
1
1
1
1
1
1
1
1
1
1
1
1
1
1
1
1
1
1
1
1
1
1
1
0
1
1
1
1
1
1
1
1
1
1
1
1
1
0
1
1
1
1
1
1
1
1
1
1
1
1
1
1
1
1
1
1
1
1
1
1
1
0
1
1
1
1
1
0
1
1
0
1
1
