T + 0 (low):
0.990807692308
0.9922
0.9908
0.9938
0.9897
0.9888
0.99071
0.9905
0.9947
0.9904
0.9885
0.995288888889
0.9947
0.990608333333
0.9878
0.9974
0.9924
0.98579
0.9947
0.9915
0.9929
0.9812
0.9888
0.994408333333
0.991288888889
0.9862
0.9969
0.9932
0.985807692308
0.9916
0.9904
0.9862
0.9938
0.9875
0.9962
0.989005263158
0.9902
0.9871
0.9945
0.9922
0.9904
0.9852
0.9909
0.995
0.9947
0.9946
0.99171
0.9924
0.9891
0.988
0.9899
0.9802
0.9951
0.992
0.989
0.9899
0.9918
0.988588888889
0.9949
0.9872
0.9944
0.9912
0.993
0.9901
0.9935
0.9879
0.9892
0.9871
0.9927
0.990294444444
0.9931
0.9888
0.9946
0.9893
0.9912
0.9945
1.0008
0.9975
0.9883
0.987
0.99470952381
0.994314940577
0.9908
0.9844
0.990706666667
0.99551
0.993311111111
0.9915
0.994308333333
0.9933
0.9896
0.9905
0.9919
0.9893
0.9924
0.9912
0.9918
0.9925
0.985
0.9916
T + 3 (up):
1
1
1
1
1
1
1
1
1
1
1
1
1
1
1
1
1
1
1
1
1
1
1
1
1
1
1
1
1
1
1
1
1
1
1
1
1
1
1
1
1
1
1
1
0
1
1
1
1
1
0
1
1
1
1
1
1
1
1
1
1
1
1
1
1
1
1
1
1
1
1
1
1
1
1
1
1
1
1
1
1
1
1
1
0
1
1
1
1
1
1
0
1
1
1
1
0
1
1
1
