T + 0 (low):
0.9829
0.9919
0.9861
0.9963
0.9894
0.98839
0.9956
0.9892
0.990508333333
0.9948
0.9876
0.9842
0.989
0.989909090909
0.9888
0.9894
0.9807
0.9867
0.9935
0.9833
0.9884
0.9942
0.9782
0.990988888889
0.9853
0.994
0.9906
0.9907
0.9912
0.987
0.9877
0.9919
0.9859
0.9877
0.9818
0.9893
0.987
0.9867
0.9843
0.9906
0.9892
0.9862
0.988994117647
0.9919
0.9903
0.9832
0.9856
0.9844
0.9899
0.9874
0.9895
0.9757
0.9797
0.9875
0.9881
0.9854
0.9893
0.9906
0.986
0.9821
0.9921
0.9817
0.9864
0.9925
0.9877
0.991
0.9912
0.9889
0.9905
0.9913
0.991
0.9894
0.9939
0.9847
0.988
0.9926
0.99
0.9836
0.9823
0.986
0.9918
0.9878
0.9811
0.9888
0.9816
0.989
0.9861
0.9932
0.9847
0.9884
0.9913
0.9899
0.984
0.9928
0.9943
0.9882
0.9813
0.9934
0.9867
0.9888
T + 3 (up):
1
1
1
1
1
1
1
1
1
1
1
1
1
1
1
1
1
1
1
1
1
1
1
1
1
1
1
1
1
1
1
1
1
1
1
1
1
1
1
1
1
1
1
1
1
1
1
1
1
1
1
1
1
1
1
1
1
1
1
1
1
1
1
1
1
1
1
1
1
1
1
1
1
1
1
1
1
1
1
1
1
1
1
1
1
1
1
1
1
1
1
1
1
1
1
1
1
1
1
1
