T + 0 (low):
0.9858
0.9863
0.9895
0.9905
0.9829
0.9904
0.9924
0.986
0.9868
0.9868
0.9924
0.9902
0.9938
0.9844
0.9905
0.9856
0.9912
0.9909
0.9875
0.9851
0.9865
0.9831
0.9834
0.9902
0.9845
0.9858
0.9906
0.9894
0.9877
0.9861
0.9813
0.9843
0.9885
0.9891
0.9881
0.9946
0.9866
0.9841
0.9831
0.9826
0.978611111111
0.9917
0.9865
0.98959
0.9843
0.989
0.9927
0.9842
0.9926
0.9894
0.99
0.9909
0.9927
0.9875
0.98969
0.9899
0.9874
0.987
0.9868
0.9918
0.9852
0.9849
0.985
0.9867
0.9902
0.986
0.9858
0.9878
0.9808
0.9889
0.984
0.9886
0.9899
0.9903
0.9879
0.9859
0.9924
0.9893
0.9899
0.9919
0.9819
0.9863
0.9909
0.9916
0.9887
0.9921
0.9903
0.9893
0.983388888889
0.9901
0.986
0.9846
0.9913
0.9923
0.990582857143
0.9896
0.9887
0.9865
0.991
0.9912
T + 3 (up):
1
1
1
1
0
1
1
1
1
1
1
1
1
1
1
1
1
1
1
1
1
0
1
1
1
1
1
1
1
1
1
1
1
1
1
1
1
1
1
1
1
1
1
1
1
1
1
1
1
1
1
1
1
1
1
1
1
1
1
0
1
1
1
1
1
1
1
0
1
1
1
1
1
1
1
1
1
1
1
1
0
1
1
1
1
1
1
0
1
1
1
1
1
1
1
1
0
1
1
1
