T + 0 (low):
0.997
0.9871
0.9855
0.9914
0.9894
0.9842
0.9842
0.9922
0.9867
0.9905
0.9898
0.9862
0.9955
0.982311111111
0.9919
0.9858
0.992
0.9891
0.9886
0.9912
0.9824
0.9875
0.9912
0.994
0.9901
0.9975
0.9908
0.9901
0.9916
0.991004761905
0.9919
0.9925
0.9938
0.9865
0.9919
0.9865
0.9917
0.9905
0.9835
0.9922
0.9936
0.9934
0.9877
0.9916
0.986
0.988988888889
0.9856
0.9917
0.9936
0.9887
0.9959
0.9842
0.987211111111
0.9941
0.986905263158
0.9899
0.9918
0.9926
0.990206666667
0.9955
0.991
0.9963
0.9885
0.9897
0.9913
0.9877
0.9931
0.9905
0.99079
0.9862
0.991
0.988
0.9907
0.9918
0.9911
0.993
0.9802
0.9945
0.9861
0.9886
0.9918
0.993
0.9869
0.989
0.9855
0.9918
0.9921
0.9923
0.9942
0.9828
0.9883
0.9938
0.9905
0.9889
0.9967
0.9913
0.9901
0.9897
0.991688888889
0.9925
T + 3 (up):
1
1
0
1
1
1
1
1
1
1
1
1
1
1
1
1
0
1
1
0
1
1
1
1
1
1
1
1
1
1
1
1
1
1
1
1
0
1
1
1
1
1
1
1
1
1
1
1
1
1
1
1
1
1
1
1
1
1
1
1
1
1
1
0
1
1
1
1
1
1
1
1
1
1
1
1
1
1
1
0
1
1
1
1
1
1
1
1
1
1
1
1
1
1
1
1
1
1
1
1
