<Ticker>,<DTYYYYMMDD>,<Open>,<High>,<Low>,<Close>,<Volume>
ROS,20190627,29.65,29.95,29.65,29.90,10637670
ROS,20190626,29.95,29.95,29.60,29.95,13856690
ROS,20190625,29.60,30.05,29.55,30.00,10030980
ROS,20190624,29.95,30.00,29.55,30.00,11558790
ROS,20190621,30.00,30.30,29.65,30.00,12855180
ROS,20190620,30.10,30.30,29.60,30.30,12179480
ROS,20190619,30.25,30.25,29.65,30.25,12560070
ROS,20190618,29.60,30.40,29.50,30.40,12514880
ROS,20190617,30.50,30.50,29.75,30.15,10486500
ROS,20190614,30.10,30.70,29.55,30.70,10689760
ROS,20190613,29.55,30.10,29.50,30.10,10737350
ROS,20190612,30.65,30.65,29.80,30.10,12005090
ROS,20190611,30.30,30.70,30.15,30.65,8561560
ROS,20190610,30.00,31.00,29.50,31.00,8810460
ROS,20190607,29.65,30.00,29.50,30.00,10815600
ROS,20190606,30.00,30.05,29.50,30.05,12644120
ROS,20190605,29.80,30.10,29.50,30.10,6480820
ROS,20190604,29.50,30.00,29.30,30.00,8534850
ROS,20190603,29.60,29.95,29.40,29.80,10762000
ROS,20190531,29.50,29.95,29.50,29.95,7569580
ROS,20190530,30.00,30.10,29.55,29.95,4738640
ROS,20190529,30.30,30.40,29.70,30.00,10011610
ROS,20190528,30.00,30.60,29.60,30.40,5405850
ROS,20190527,29.95,30.40,29.35,30.40,11272340
ROS,20190524,29.40,30.00,29.30,30.00,7397570
ROS,20190523,30.70,30.95,30.00,30.00,6622850
ROS,20190522,31.80,31.90,31.40,31.60,9550180
ROS,20190521,32.55,33.10,32.10,32.45,9753530
ROS,20190520,33.05,33.80,33.00,33.50,10648580
ROS,20190517,32.00,34.80,31.05,34.80,12608770
ROS,20190516,31.70,32.65,30.95,32.65,9706110
ROS,20190515,32.20,34.00,32.00,32.60,10527590
ROS,20190514,30.90,34.00,30.10,34.00,11265790
ROS,20190513,30.00,32.00,29.10,32.00,9975730
ROS,20190510,30.00,30.10,29.40,30.10,10215080
ROS,20190509,30.40,30.40,29.50,30.30,9706350
ROS,20190508,30.35,30.40,29.55,30.40,8977200
ROS,20190507,30.50,30.50,29.75,30.35,10350440
ROS,20190506,30.20,30.50,29.95,30.50,9600550
ROS,20190503,30.10,30.60,29.95,30.60,8660830
ROS,20190502,30.25,30.70,30.05,30.65,10066220
ROS,20190426,30.30,30.90,30.20,30.85,10252850
ROS,20190425,30.80,31.00,30.25,30.95,7711960
ROS,20190424,30.40,31.00,30.25,31.00,9364080
ROS,20190423,31.00,31.20,30.20,31.20,9722670
ROS,20190422,30.60,31.00,30.45,31.00,9087330
ROS,20190419,31.30,31.50,30.30,31.50,9289540
ROS,20190418,30.55,31.30,30.40,31.30,10092880
ROS,20190417,30.60,31.45,30.45,31.45,8767100
ROS,20190416,30.80,31.50,30.45,31.50,7171560
ROS,20190412,31.35,31.50,30.50,31.50,8660620
ROS,20190411,31.40,31.50,31.00,31.45,7857100
ROS,20190410,30.80,32.10,30.50,32.10,7178020
ROS,20190409,31.05,31.30,30.75,31.30,7526180
ROS,20190408,31.25,31.65,30.95,31.45,7536110
ROS,20190405,31.45,31.80,31.00,31.65,6220820
ROS,20190404,31.70,31.70,31.20,31.50,7609670
ROS,20190403,31.30,31.70,31.20,31.70,4377110
ROS,20190402,31.45,31.95,31.25,31.95,7229650
ROS,20190401,31.80,32.15,31.10,32.15,12781430
ROS,20190329,32.30,32.30,31.75,32.00,5827600
ROS,20190328,32.55,32.60,31.70,32.60,5984230
ROS,20190327,32.00,32.60,31.65,32.55,7494070
ROS,20190326,32.40,32.55,31.65,32.55,7835430
ROS,20190325,31.70,32.40,31.55,32.40,5004460
ROS,20190322,32.00,32.70,31.75,32.40,6420130
ROS,20190321,31.90,32.85,31.70,32.85,6299720
ROS,20190320,32.85,32.85,32.00,32.55,6825400
ROS,20190319,32.20,32.95,32.00,32.95,7240630
ROS,20190318,32.50,33.15,32.00,33.10,5790360
ROS,20190315,32.65,33.30,32.35,33.00,7658530
ROS,20190314,33.45,33.50,32.50,33.50,5514830
ROS,20190313,33.00,33.50,32.35,33.50,5011360
ROS,20190312,32.50,33.50,31.65,33.40,7355020
ROS,20190311,32.80,32.80,32.00,32.65,4267190
ROS,20190308,33.00,33.40,32.55,33.00,3196850
ROS,20190307,33.00,33.60,32.60,33.50,7011720
ROS,20190306,33.65,33.75,32.60,33.75,5160520
ROS,20190305,33.10,34.00,32.90,33.75,5123180
ROS,20190304,34.10,34.20,32.95,34.05,6779750
ROS,20190301,33.70,34.50,33.20,34.15,5444630
ROS,20190228,35.50,35.50,34.30,34.65,4859010
ROS,20190227,35.00,35.75,34.30,35.70,5007320
ROS,20190226,34.90,35.70,34.20,35.70,4873250
ROS,20190225,34.50,35.50,33.90,35.50,4397620
ROS,20190222,34.80,35.10,33.70,34.95,4091820
ROS,20190221,34.50,34.95,33.55,34.95,4586680
ROS,20190220,33.90,34.80,33.55,34.80,3555390
ROS,20190219,33.50,34.80,32.60,34.80,3768570
ROS,20190218,33.05,33.50,32.70,33.50,4126440
ROS,20190215,33.50,33.65,32.80,33.65,3038070
ROS,20190214,33.65,33.70,33.00,33.70,2832710
ROS,20190213,33.20,33.75,32.70,33.70,3741250
ROS,20190212,32.95,33.70,32.70,33.70,2697960
ROS,20190211,31.60,33.65,30.95,33.65,2189610
ROS,20190201,31.45,31.80,30.90,31.65,1743970
ROS,20190131,30.50,32.00,30.50,31.45,1276860
ROS,20190130,31.80,32.00,30.95,31.20,2342820
ROS,20190129,32.90,32.90,31.90,32.40,2430340
ROS,20190128,33.95,34.20,33.85,33.90,1486780
ROS,20190125,34.65,34.95,34.50,34.60,2170000
ROS,20190124,35.15,35.15,34.65,35.00,2317540
ROS,20190123,35.25,35.25,34.80,35.15,2368720
ROS,20190122,35.30,35.30,34.85,35.25,2484920
ROS,20190121,35.00,35.40,34.90,35.35,2544500
ROS,20190118,35.55,35.55,34.90,35.40,3795370
ROS,20190117,35.00,35.60,34.90,35.55,4104030
ROS,20190116,35.20,35.60,34.90,35.60,3740240
ROS,20190115,35.05,35.45,34.95,35.45,4292930
ROS,20190114,35.20,35.70,34.95,35.70,3626760
ROS,20190111,35.10,35.80,34.95,35.80,4371680
ROS,20190110,36.00,36.00,34.95,35.90,4713740
ROS,20190109,35.70,36.00,34.95,36.00,3516430
ROS,20190108,35.05,35.90,34.95,35.90,3418720
ROS,20190107,35.70,36.15,34.95,36.00,3103080
ROS,20190104,35.10,36.20,34.85,36.00,2447210
ROS,20190103,36.00,36.50,34.95,36.50,3133950
ROS,20190102,37.10,37.50,36.30,36.90,4366820
ROS,20181228,35.40,39.00,34.85,38.70,3542430
ROS,20181227,38.00,38.95,36.75,36.75,2672480
ROS,20181226,42.00,42.10,39.10,39.30,3370710
ROS,20181225,40.10,43.50,40.00,42.00,3669640
ROS,20181224,37.60,41.70,36.95,41.70,3743950
ROS,20181221,35.50,39.00,35.00,39.00,3902860
ROS,20181220,35.55,36.80,35.00,36.80,3919040
ROS,20181219,35.50,36.50,34.95,36.50,3131230
ROS,20181218,35.25,35.60,35.00,35.50,1882170
ROS,20181217,35.80,36.00,35.25,35.95,2637260
ROS,20181214,36.00,36.40,35.80,36.40,3354450
ROS,20181213,36.25,36.70,36.05,36.70,2365480
ROS,20181212,36.80,36.90,36.20,36.85,2884340
ROS,20181211,36.50,37.30,36.30,37.00,3224460
ROS,20181210,37.00,37.50,36.20,37.50,2440120
ROS,20181207,36.05,37.80,35.30,37.80,3257710
ROS,20181206,36.00,36.05,35.25,36.05,3551350
ROS,20181205,36.10,36.10,35.30,36.10,2781480
ROS,20181204,35.45,36.10,35.30,36.10,2330570
ROS,20181203,35.35,36.00,35.30,36.00,3440580
ROS,20181130,35.40,36.00,35.30,36.00,2276930
ROS,20181129,35.50,36.10,35.35,36.10,1624300
ROS,20181128,36.15,36.15,35.30,36.15,2183670
ROS,20181127,36.15,36.15,35.25,36.15,2979650
ROS,20181126,35.50,36.20,35.15,36.20,1869400
ROS,20181123,36.10,36.30,35.20,36.25,1796990
ROS,20181122,36.50,36.50,35.15,36.45,3010830
ROS,20181121,35.30,36.50,35.05,36.50,1511990
ROS,20181120,35.60,36.60,35.00,36.55,2942280
ROS,20181119,36.50,36.60,35.00,36.60,1990230
ROS,20181116,36.00,36.70,35.40,36.60,1134160
ROS,20181115,36.00,36.85,35.00,36.80,3239910
ROS,20181114,36.90,36.90,35.90,36.85,1544520
ROS,20181113,36.00,36.90,35.35,36.90,2831470
ROS,20181112,36.15,37.20,35.35,37.05,1344730
ROS,20181109,37.00,37.45,36.00,37.10,1769580
ROS,20181108,38.00,38.00,36.70,37.70,1387000
ROS,20181107,37.00,38.20,36.70,38.00,1288610
ROS,20181106,38.40,38.85,36.95,38.55,2486160
ROS,20181105,36.85,39.00,36.45,38.95,1618550
ROS,20181102,36.90,38.95,35.60,38.85,1960660
ROS,20181101,38.10,38.10,36.00,37.90,2007080
ROS,20181031,37.20,38.40,35.40,38.15,1387220
ROS,20181030,35.80,37.20,35.00,37.20,1215870
ROS,20181029,37.00,37.40,35.45,37.20,1086260
ROS,20181026,37.00,37.80,35.40,37.45,1186010
ROS,20181025,35.15,37.50,35.15,37.50,1566670
ROS,20181024,37.95,37.95,36.40,37.50,979780
ROS,20181023,37.90,38.30,36.50,37.95,885330
ROS,20181022,38.45,38.55,37.85,38.55,1400960
ROS,20181019,38.00,38.90,37.80,38.60,883310
ROS,20181018,38.50,39.40,37.95,38.70,768170
ROS,20181017,39.50,39.90,37.80,38.50,1951170
ROS,20181016,39.10,40.00,37.90,40.00,1962930
ROS,20181015,39.95,40.00,37.80,40.00,1331630
ROS,20181012,40.00,40.00,37.80,39.95,1357430
ROS,20181011,39.80,40.00,37.75,40.00,1936980
ROS,20181010,39.70,40.50,39.70,40.30,1126400
ROS,20181009,39.90,40.00,38.80,40.00,958460
ROS,20181008,40.00,40.00,39.00,40.00,905640
ROS,20181005,39.85,40.15,39.65,40.00,623080
ROS,20181004,40.10,40.15,39.80,40.00,1376410
ROS,20181003,40.15,40.25,39.85,40.10,1731000
ROS,20181002,40.30,40.35,39.85,40.15,1467240
ROS,20181001,40.35,40.40,39.85,40.30,1172800
ROS,20180928,40.60,40.70,39.90,40.30,1117460
ROS,20180927,40.70,40.85,40.00,40.45,1296050
ROS,20180926,40.90,41.00,40.40,40.50,756990
ROS,20180925,40.95,40.95,40.50,40.70,1287810
ROS,20180924,40.00,41.00,39.95,40.50,2006060
ROS,20180921,40.00,40.15,39.80,40.00,1625280
ROS,20180920,40.10,40.10,39.85,40.00,834750
ROS,20180919,40.05,40.15,39.90,40.05,1806430
ROS,20180918,40.00,40.20,39.90,40.05,1056150
ROS,20180917,40.00,40.30,39.95,40.00,1062030
ROS,20180914,40.30,40.35,39.95,40.00,1810900
ROS,20180913,40.30,40.40,40.00,40.20,1863030
ROS,20180912,40.40,40.50,40.00,40.25,1256010
ROS,20180911,40.20,40.40,40.00,40.25,1132870
ROS,20180910,40.00,40.30,40.00,40.00,1133200
ROS,20180907,40.00,40.50,40.00,40.25,1318890
ROS,20180906,40.65,40.75,40.00,40.00,1075670
ROS,20180905,40.00,41.30,40.00,40.65,1321830
ROS,20180904,41.20,41.50,40.00,40.00,2224790
ROS,20180831,41.20,42.30,40.80,41.20,2811100
ROS,20180830,41.20,41.40,40.80,41.20,1293450
ROS,20180829,41.50,42.50,40.90,41.55,1192990
ROS,20180828,41.50,43.00,40.95,43.00,1371390
ROS,20180827,41.40,41.90,40.95,41.50,2055630
ROS,20180824,42.00,42.50,40.95,41.90,2077370
ROS,20180823,42.90,43.00,42.00,42.70,1895650
ROS,20180822,41.45,42.95,41.00,42.90,1177220
ROS,20180821,41.75,41.85,40.50,41.45,1043170
ROS,20180820,41.85,41.95,40.70,41.75,1102370
ROS,20180817,42.00,42.70,40.80,41.85,1316630
ROS,20180816,41.40,42.70,40.95,42.00,1165310
ROS,20180815,43.80,44.00,41.00,42.90,1702240
ROS,20180814,43.00,44.00,42.20,43.95,1179830
ROS,20180813,41.35,43.00,41.35,42.95,821380
ROS,20180810,40.00,41.75,40.00,41.50,845080
ROS,20180809,41.30,41.40,40.50,41.00,1073940
ROS,20180808,41.00,41.50,40.70,41.30,687020
ROS,20180807,41.00,41.65,40.70,41.45,737660
ROS,20180806,41.20,42.10,41.00,41.50,734810
ROS,20180803,42.00,42.30,40.70,41.95,663500
ROS,20180802,41.95,42.60,41.20,42.00,243160
ROS,20180801,42.00,42.80,41.70,42.55,428280
ROS,20180731,41.90,42.70,41.70,42.60,317030
ROS,20180730,42.80,42.80,41.70,42.50,414080
ROS,20180727,42.55,43.20,41.70,42.50,326670
ROS,20180726,42.70,43.50,41.80,42.55,451650
ROS,20180725,44.50,44.50,42.00,43.00,343430
ROS,20180724,43.10,44.65,42.40,44.55,741780
ROS,20180723,41.25,43.20,41.25,43.10,1020810
ROS,20180720,44.10,44.30,41.10,41.10,716660
ROS,20180719,44.00,44.50,43.50,44.00,997440
ROS,20180718,44.95,44.95,43.80,44.00,498370
ROS,20180717,43.80,44.95,43.50,44.90,608060
ROS,20180716,45.50,45.50,43.50,44.70,875450
ROS,20180713,41.50,44.15,41.50,44.15,965400
ROS,20180712,40.00,41.35,39.75,41.30,625850
ROS,20180711,40.70,41.60,40.20,40.50,404850
ROS,20180710,41.40,41.75,40.95,41.65,618480
ROS,20180709,39.80,41.50,39.80,41.40,519920
ROS,20180706,40.00,41.00,38.60,41.00,477620
ROS,20180705,40.20,40.60,38.00,40.60,649630
ROS,20180704,40.00,40.50,37.90,40.20,510230
ROS,20180703,40.10,40.90,37.60,40.10,852020
ROS,20180702,41.10,42.00,40.05,40.30,338460
ROS,20180629,43.00,43.30,40.20,43.00,602730
ROS,20180628,40.35,43.90,40.10,43.10,641320
ROS,20180627,45.00,45.80,42.95,42.95,442770
ROS,20180626,47.00,47.00,44.45,46.00,519890
ROS,20180625,46.25,46.25,46.00,46.25,973550
ROS,20180622,44.00,46.80,43.25,43.25,1501710
ROS,20180621,51.00,51.00,46.50,46.50,514000
ROS,20180620,51.20,52.80,48.50,49.90,419670
ROS,20180619,54.00,54.00,51.20,51.20,636140
ROS,20180618,56.50,58.50,54.00,55.00,460500
ROS,20180615,59.90,60.70,56.80,56.80,2761410
ROS,20180614,60.00,62.00,59.80,61.00,584540
ROS,20180613,66.00,66.00,60.30,62.00,2403830
ROS,20180612,67.00,69.70,60.70,64.80,3009090
ROS,20180611,65.00,65.20,63.00,65.20,863130
ROS,20180608,61.60,62.00,60.00,61.00,429730
ROS,20180607,62.00,62.50,60.50,61.60,550440
ROS,20180606,62.70,63.50,61.00,61.90,535860
ROS,20180605,62.00,63.00,61.00,62.70,369680
ROS,20180604,61.00,62.50,60.50,62.00,420230
ROS,20180601,60.70,62.90,60.00,61.00,490840
ROS,20180531,56.70,60.70,56.60,60.70,671670
ROS,20180530,55.50,56.80,52.00,56.80,321520
ROS,20180529,54.20,57.00,53.10,53.20,634990
ROS,20180528,58.70,61.20,57.00,57.00,624110
ROS,20180525,62.00,65.10,61.00,61.20,1102930
ROS,20180524,70.00,70.40,65.10,65.10,995710
ROS,20180523,71.90,72.00,66.90,70.00,868380
ROS,20180522,75.00,75.40,69.90,71.90,810000
ROS,20180521,76.30,77.00,71.50,75.00,566860
ROS,20180518,74.70,78.00,73.80,76.30,624960
ROS,20180517,81.90,81.90,75.00,76.00,427600
ROS,20180516,82.00,82.50,80.00,80.00,385600
ROS,20180515,81.80,83.00,81.80,82.40,621380
ROS,20180514,80.80,81.90,80.80,81.50,606260
ROS,20180511,78.20,81.80,76.80,80.50,377010
ROS,20180510,84.00,86.50,79.10,81.90,879160
ROS,20180509,83.00,87.80,83.00,85.00,807810
ROS,20180508,83.60,83.80,76.00,83.80,1108800
ROS,20180507,78.40,78.40,78.30,78.40,349370
ROS,20180504,73.30,73.30,73.30,73.30,196010
ROS,20180503,68.25,69.41,68.25,68.58,666500
ROS,20180502,72.50,72.50,67.84,67.83,568690
ROS,20180427,67.92,71.67,67.25,71.67,857740
ROS,20180426,67.00,68.75,67.00,67.00,722880
ROS,20180424,66.67,70.83,65.00,66.75,640010
ROS,20180423,73.75,74.09,69.50,69.50,1017950
ROS,20180420,74.58,74.58,68.42,74.42,971280
ROS,20180419,80.00,80.84,73.00,73.00,1399230
ROS,20180418,83.75,85.00,78.17,78.17,1367980
ROS,20180417,83.33,85.75,83.33,83.75,1748370
ROS,20180416,87.50,87.50,83.00,83.50,1601280
ROS,20180413,84.16,89.16,84.08,89.17,1363620
ROS,20180412,83.33,87.41,83.08,83.33,1257760
ROS,20180411,89.83,93.33,89.33,89.33,2036090
ROS,20180410,102.33,103.66,95.25,96.00,1573360
ROS,20180409,110.00,111.25,102.33,102.33,1673050
ROS,20180406,105.33,110.00,105.25,110.00,1128430
ROS,20180405,108.33,113.33,104.67,105.00,1837360
ROS,20180404,112.50,115.00,112.09,112.50,824420
ROS,20180403,120.41,120.66,111.91,112.17,1383440
ROS,20180402,112.83,120.33,104.67,120.33,2003890
ROS,20180330,112.50,114.17,108.42,112.50,1041450
ROS,20180329,120.25,120.75,111.83,112.25,1261850
ROS,20180328,120.00,121.67,113.33,120.25,1065280
ROS,20180327,118.75,120.83,118.58,120.00,912040
ROS,20180326,114.08,118.33,105.83,118.33,1111460
ROS,20180323,121.00,121.00,112.58,112.58,1355400
ROS,20180322,123.33,129.16,120.75,121.00,1266230
ROS,20180321,115.84,129.84,113.00,129.83,1694630
ROS,20180320,121.42,121.42,121.33,121.42,526180
ROS,20180319,113.50,113.50,113.50,113.50,502840
ROS,20180316,114.83,114.83,106.08,106.08,1615100
ROS,20180315,115.00,115.25,113.75,114.00,1059830
ROS,20180314,115.75,115.83,110.83,115.00,1096980
ROS,20180313,115.50,115.83,112.92,115.50,1043120
ROS,20180312,115.58,115.83,113.33,115.50,963740
ROS,20180309,115.17,116.67,113.34,115.58,1027590
ROS,20180308,116.58,116.66,111.66,114.92,787690
ROS,20180307,112.50,119.58,112.33,115.83,823240
ROS,20180306,116.50,116.58,108.33,112.50,814300
ROS,20180305,118.25,118.33,113.00,115.83,863930
ROS,20180302,117.92,118.25,116.42,116.83,925640
ROS,20180301,118.25,118.25,114.50,116.50,1277230
ROS,20180228,120.00,121.58,114.33,114.33,1156050
ROS,20180227,121.67,122.08,114.17,120.33,895400
ROS,20180226,119.58,121.41,119.58,120.25,929370
ROS,20180223,120.83,120.83,112.50,118.58,1019990
ROS,20180222,116.67,120.75,116.67,118.25,1031220
ROS,20180221,124.58,126.58,116.66,116.67,872880
ROS,20180213,120.83,126.75,119.42,124.33,677990
ROS,20180212,119.83,125.00,119.83,125.00,1416570
ROS,20180209,127.50,127.50,119.34,119.58,1001880
ROS,20180208,135.08,135.08,126.08,127.92,885130
ROS,20180207,120.83,135.08,120.83,135.08,1066010
ROS,20180206,126.25,135.00,126.25,126.25,727110
ROS,20180205,134.17,135.83,134.17,135.75,1440440
ROS,20180202,137.17,137.17,133.42,135.00,1000300
ROS,20180201,140.00,140.00,135.58,137.17,1232480
ROS,20180131,135.91,145.33,135.91,145.33,1183140
ROS,20180130,137.50,137.50,134.25,135.83,889760
ROS,20180129,137.50,138.34,136.25,137.92,1094810
ROS,20180126,135.83,141.66,135.08,136.67,1241340
ROS,20180125,135.83,135.91,133.41,135.83,1269630
ROS,20180122,140.41,140.91,139.00,140.83,1166160
ROS,20180119,138.83,139.91,138.83,139.83,3987020
ROS,20180118,137.91,138.66,137.58,138.58,1426430
ROS,20180117,135.67,137.50,135.67,137.33,1613900
ROS,20180116,133.34,137.42,133.34,135.42,1388090
ROS,20180115,137.50,138.34,136.59,138.17,1196450
ROS,20180112,137.42,138.17,137.17,138.17,1233200
ROS,20180111,135.67,137.00,135.67,136.92,1203100
ROS,20180110,140.92,141.75,134.17,135.42,1707050
ROS,20180109,139.58,140.75,139.58,140.67,1082790
ROS,20180108,138.33,139.58,134.16,139.33,1027000
ROS,20180105,137.92,138.34,137.00,138.08,1418070
ROS,20180104,137.50,137.50,135.25,136.67,1113190
ROS,20180103,140.83,140.83,133.33,135.00,1282380
ROS,20180102,143.75,148.34,140.84,141.25,3270050
ROS,20171229,143.25,151.42,141.92,151.42,2090700
ROS,20171228,140.84,141.92,139.50,141.67,1591090
ROS,20171227,137.92,139.92,137.92,139.42,1592080
ROS,20171226,137.08,138.00,136.25,137.92,1813750
ROS,20171225,135.00,136.33,135.00,136.25,1452740
ROS,20171222,133.66,135.25,133.66,135.00,1448030
ROS,20171221,139.58,141.91,133.41,133.58,3317280
ROS,20171220,130.50,139.58,130.50,139.58,1732620
ROS,20171219,130.50,130.50,129.33,130.50,1747490
ROS,20171218,121.66,122.00,120.83,122.00,969960
ROS,20171215,122.58,123.83,114.08,114.08,3903110
ROS,20171214,122.25,127.50,121.83,122.58,1405940
ROS,20171213,121.67,121.92,121.00,121.83,1319630
ROS,20171212,120.25,122.09,120.25,121.00,1042060
ROS,20171211,119.09,123.25,119.09,120.17,1498330
ROS,20171208,126.91,128.00,126.91,127.92,983580
ROS,20171207,125.83,127.08,125.83,126.83,921060
ROS,20171206,124.17,125.75,122.08,125.75,1902960
ROS,20171205,140.00,140.75,130.25,131.25,1338940
ROS,20171204,139.00,141.66,138.91,140.00,1973500
ROS,20171201,148.25,150.50,148.08,149.08,1145730
ROS,20171130,146.83,148.41,146.83,148.08,946550
ROS,20171129,146.91,150.00,146.75,146.83,1690110
ROS,20171128,156.67,158.34,156.42,157.58,1095280
ROS,20171127,155.25,156.50,155.25,156.42,914280
ROS,20171124,154.42,155.75,154.42,155.25,1183440
ROS,20171123,154.17,155.84,153.42,154.42,773470
ROS,20171122,152.33,156.67,152.17,153.42,869560
ROS,20171121,151.17,152.42,151.17,152.25,909250
ROS,20171120,151.25,151.67,149.75,151.17,1024990
ROS,20171117,150.41,151.75,150.25,151.67,1029570
ROS,20171116,150.67,151.25,148.34,150.33,755730
ROS,20171115,148.33,149.92,148.00,149.17,672980
ROS,20171114,146.75,149.58,146.75,148.00,1306850
ROS,20171113,145.83,149.58,145.00,146.75,984380
ROS,20171110,136.67,149.17,135.42,145.50,1081700
ROS,20171109,155.75,155.83,144.92,145.17,1205870
ROS,20171108,171.25,172.59,155.50,155.75,1053550
ROS,20171107,173.34,178.25,158.34,167.17,867430
ROS,20171106,180.84,181.67,166.92,166.92,1003840
ROS,20171103,171.67,178.59,167.17,178.42,1325840
ROS,20171102,178.16,187.50,166.91,166.92,776380
ROS,20171101,166.67,178.34,166.67,178.33,1465940
ROS,20171031,171.67,183.33,162.58,166.67,1063370
ROS,20171030,163.33,174.75,156.66,174.75,675620
ROS,20171027,158.33,163.50,155.00,163.33,1188240
ROS,20171026,135.83,153.33,135.83,152.83,1493370
ROS,20171025,135.84,143.59,127.50,143.33,1543240
ROS,20171024,118.42,134.42,118.42,134.42,1587540
ROS,20171023,117.83,125.83,110.00,125.67,2598650
ROS,20171020,110.08,117.75,102.66,117.75,4290470
ROS,20171019,102.92,110.09,102.84,110.08,4807320
ROS,20171018,96.33,102.92,96.33,102.92,2163520
ROS,20171017,95.92,96.33,95.83,96.25,1646130
ROS,20171016,95.25,95.84,95.25,95.75,1548650
ROS,20171013,94.67,95.25,94.58,95.17,1830190
ROS,20171012,94.08,94.58,94.08,94.50,1749530
ROS,20171011,93.50,94.09,93.50,94.00,1526540
ROS,20171010,93.08,93.50,92.91,93.42,1448460
ROS,20171009,92.33,92.92,92.33,92.83,1544960
ROS,20171006,91.84,92.34,91.75,92.25,1580860
ROS,20171005,91.33,91.75,91.08,91.67,1337890
ROS,20171004,90.42,91.09,90.42,91.00,1469530
ROS,20171003,89.91,90.50,89.91,90.42,1779090
ROS,20171002,89.33,89.92,89.33,89.83,1610380
ROS,20170929,89.17,89.34,88.75,89.25,1551950
ROS,20170928,88.16,88.75,88.16,88.67,1851930
ROS,20170927,87.58,88.33,87.50,88.08,3415970
ROS,20170926,100.75,100.75,93.25,94.08,3463810
ROS,20170925,100.83,101.67,99.75,100.25,3225110
ROS,20170922,100.33,107.25,100.33,107.25,2790300
ROS,20170921,99.75,100.34,99.75,100.25,2604930
ROS,20170920,99.25,99.75,99.16,99.67,2992110
ROS,20170919,98.34,99.17,98.25,99.08,3415820
ROS,20170918,97.58,98.25,97.58,98.17,2283900
ROS,20170915,96.83,97.58,96.83,97.50,2891750
ROS,20170914,96.00,96.83,95.91,96.75,4099560
ROS,20170913,95.08,95.92,95.08,95.83,4035270
ROS,20170912,100.50,100.67,93.67,95.00,5409030
ROS,20170911,99.67,100.50,99.50,100.42,4027810
ROS,20170908,99.25,99.50,98.66,99.42,3018400
ROS,20170907,97.58,98.66,97.41,98.58,4118250
ROS,20170906,95.84,97.42,95.75,97.33,5061330
ROS,20170905,94.42,95.75,94.25,95.67,3534560
ROS,20170901,93.33,94.25,92.58,94.17,3651680
ROS,20170831,91.16,92.58,90.91,92.50,4976650
ROS,20170830,88.50,90.83,88.41,90.83,2679840
ROS,20170829,88.33,88.41,87.41,88.33,3166570
ROS,20170828,82.25,87.34,81.75,87.33,4773500
ROS,20170825,80.84,81.75,80.50,81.67,2793180
ROS,20170824,79.50,80.50,79.50,80.42,2364320
ROS,20170823,78.91,79.41,78.91,79.42,2332030
ROS,20170822,78.41,78.83,78.41,78.83,2494260
ROS,20170821,78.09,78.42,78.00,78.33,3450380
ROS,20170818,77.58,77.92,77.58,77.92,2382220
ROS,20170817,77.16,77.58,77.16,77.50,2196940
ROS,20170816,76.75,77.17,76.75,77.08,2369550
ROS,20170815,76.42,76.75,76.33,76.67,2022680
ROS,20170814,75.91,76.33,75.91,76.25,2151170
ROS,20170811,75.59,75.92,75.50,75.83,2856030
ROS,20170810,75.00,75.84,75.00,75.42,3491010
ROS,20170809,78.92,79.25,78.83,79.17,3626210
ROS,20170808,78.75,78.83,78.41,78.75,2269970
ROS,20170807,78.00,78.42,78.00,78.33,2270410
ROS,20170804,77.58,78.00,77.58,77.92,2658490
ROS,20170803,77.25,77.66,77.16,77.50,2437760
ROS,20170802,76.92,77.17,76.75,77.08,2645090
ROS,20170801,76.33,76.75,76.33,76.67,2116560
ROS,20170731,75.91,76.33,75.91,76.25,2310510
ROS,20170728,75.75,75.92,75.50,75.83,2505620
ROS,20170727,75.08,75.50,75.08,75.42,2863690
ROS,20170726,74.91,75.08,74.66,75.00,2601560
ROS,20170725,74.25,74.67,74.25,74.58,2402410
ROS,20170724,73.83,74.25,73.83,74.17,2840890
ROS,20170721,73.41,73.83,73.41,73.75,2390070
ROS,20170720,73.00,73.42,73.00,73.33,2310580
ROS,20170719,73.08,73.08,72.58,72.92,2294720
ROS,20170718,72.08,72.58,72.08,72.50,2310920
ROS,20170717,71.50,71.92,71.50,71.83,2851140
ROS,20170714,71.00,71.33,70.91,71.25,2134600
ROS,20170713,70.50,70.92,70.50,70.83,2002460
ROS,20170712,70.25,70.50,70.08,70.42,2216020
ROS,20170711,69.66,70.08,69.66,70.00,2124580
ROS,20170710,69.25,69.67,69.25,69.58,2924590
ROS,20170707,69.17,69.25,68.83,69.17,2644130
ROS,20170706,68.58,68.83,68.41,68.75,2002760
ROS,20170705,68.00,68.42,68.00,68.33,2134240
ROS,20170704,69.00,69.00,67.42,67.92,2557630
ROS,20170703,67.13,67.50,67.13,67.42,2202300
ROS,20170630,66.97,67.12,66.75,67.05,1759310
ROS,20170629,66.59,66.82,66.29,66.67,2069730
ROS,20170628,65.91,66.36,65.91,66.29,2259510
ROS,20170627,65.91,65.98,65.53,65.91,2268010
ROS,20170626,65.15,65.91,64.92,65.53,2286540
ROS,20170623,64.62,65.23,64.62,65.15,1762330
ROS,20170622,66.28,66.28,64.54,64.62,1268970
ROS,20170621,59.39,66.66,59.39,64.39,1600030
ROS,20170620,63.64,68.33,63.64,63.86,4108380
ROS,20170619,68.40,68.40,68.40,68.41,1997890
ROS,20170616,73.49,74.25,73.49,73.48,3762240
ROS,20170615,79.01,79.16,79.01,79.02,2040980
ROS,20170614,91.29,93.94,84.93,84.92,3122850
ROS,20170613,90.91,91.29,87.88,91.29,4825990
ROS,20170612,85.38,85.38,85.30,85.38,1072080
ROS,20170609,79.85,79.92,79.85,79.85,2628420
ROS,20170608,85.83,85.83,85.83,85.83,97490
ROS,20170607,92.05,92.35,92.05,92.27,3857220
ROS,20170606,91.75,92.28,91.67,92.05,3169070
ROS,20170605,89.77,91.74,89.47,91.67,6851770
ROS,20170602,99.32,100.00,93.03,93.56,6449910
ROS,20170601,99.85,100.08,98.48,100.00,4895340
ROS,20170531,98.94,100.07,98.86,100.00,5303740
ROS,20170530,98.48,99.31,98.10,99.24,4733210
ROS,20170529,97.73,98.56,97.35,98.48,5159520
ROS,20170526,96.97,97.80,96.59,97.73,5372130
ROS,20170525,95.53,96.66,95.45,96.59,5253030
ROS,20170524,94.24,95.53,94.24,95.45,6188420
ROS,20170523,101.28,103.78,101.28,101.29,4074780
ROS,20170522,115.91,115.91,108.87,108.86,4552700
ROS,20170519,115.99,117.13,113.72,117.05,9341320
ROS,20170518,118.94,119.09,115.99,119.02,6889590
ROS,20170517,121.44,121.74,119.02,121.67,6699990
ROS,20170516,118.41,121.52,118.26,121.44,9423280
ROS,20170515,119.17,121.37,118.26,121.29,5919840
ROS,20170512,119.70,122.73,118.57,122.73,6069320
ROS,20170511,118.71,121.59,118.49,121.52,9781190
ROS,20170510,119.69,121.51,118.41,121.44,4716680
ROS,20170509,121.29,121.44,118.34,121.36,5295610
ROS,20170508,121.97,121.97,118.26,121.29,9292440
ROS,20170505,120.45,122.42,120.15,122.35,4990660
ROS,20170504,119.85,122.04,119.77,121.97,5271510
ROS,20170503,121.29,121.67,119.02,121.59,7406020
ROS,20170428,121.97,122.80,121.29,122.73,4132570
ROS,20170427,121.21,122.05,119.77,121.97,4728130
ROS,20170426,123.48,123.94,121.29,121.29,7113930
ROS,20170425,123.48,124.31,122.42,124.24,4905490
ROS,20170424,122.12,123.56,122.04,123.48,4891750
ROS,20170421,123.11,123.56,121.29,123.48,8609850
ROS,20170420,121.67,123.18,121.21,123.11,4494390
ROS,20170419,122.05,122.42,120.45,122.35,4374690
ROS,20170418,121.21,122.04,119.77,121.97,7519520
ROS,20170417,130.00,131.89,125.76,125.83,7549060
ROS,20170414,128.86,131.13,128.78,131.06,4523690
ROS,20170413,128.18,130.38,128.10,130.30,7403790
ROS,20170412,129.25,130.38,129.17,130.30,4777120
ROS,20170411,128.19,129.25,128.11,129.17,3175170
ROS,20170410,127.81,128.18,126.37,128.11,6106090
ROS,20170407,127.35,128.34,127.13,128.26,4476390
ROS,20170405,125.99,127.12,125.99,127.05,3276480
ROS,20170404,124.24,125.99,124.17,125.91,4822790
ROS,20170403,125.00,125.99,124.47,125.91,5284980
ROS,20170331,122.95,124.39,122.88,124.32,3406900
ROS,20170330,121.44,122.88,121.37,122.80,3934070
ROS,20170329,119.85,121.36,119.85,121.29,4501470
ROS,20170328,120.38,121.52,120.23,121.44,2848730
ROS,20170327,118.94,120.15,118.71,120.08,4612550
ROS,20170324,117.66,118.64,117.66,118.56,3566000
ROS,20170323,116.75,117.65,116.67,117.58,3461580
ROS,20170322,115.91,116.74,115.68,116.67,3871610
ROS,20170321,114.85,115.75,114.77,115.68,3623560
ROS,20170320,113.64,115.91,113.64,114.77,5890690
ROS,20170317,130.46,131.59,121.29,121.29,3350990
ROS,20170316,127.28,132.58,127.28,130.38,5630310
ROS,20170315,133.25,134.77,132.95,134.70,4080830
ROS,20170314,131.74,133.03,131.29,132.95,4014000
ROS,20170313,129.78,131.37,129.70,131.29,3815330
ROS,20170310,128.18,129.77,128.11,129.70,3768730
ROS,20170309,126.90,128.11,126.52,128.03,4088180
ROS,20170308,124.32,126.59,124.24,126.52,4485740
ROS,20170307,126.59,127.35,125.07,127.27,4151370
ROS,20170306,121.21,123.71,117.27,123.71,4125110
ROS,20170303,114.78,115.76,114.70,115.68,3657580
ROS,20170302,113.94,114.77,113.71,114.70,2965200
ROS,20170301,112.95,113.86,112.80,113.71,3552720
ROS,20170228,112.20,112.88,111.97,112.80,3070460
ROS,20170227,111.22,112.05,111.14,111.97,2794150
ROS,20170224,110.38,111.21,110.30,111.14,3217740
ROS,20170223,109.63,110.38,109.63,110.30,3076690
ROS,20170222,108.94,109.62,108.79,109.55,3026400
ROS,20170221,108.03,108.78,108.03,108.71,2867010
ROS,20170220,107.43,108.03,107.20,107.95,2862130
ROS,20170217,106.51,107.27,106.36,107.20,3018760
ROS,20170216,105.76,106.44,105.61,106.36,2581460
ROS,20170215,105.00,105.68,104.92,105.61,2649600
ROS,20170214,104.55,105.00,104.02,104.92,2625520
ROS,20170213,103.78,104.09,103.41,104.02,2377350
ROS,20170210,102.73,103.41,102.66,103.33,2736470
ROS,20170209,101.82,102.65,101.74,102.58,2348410
ROS,20170208,101.14,101.82,101.14,101.74,1765780
ROS,20170207,100.45,101.13,100.38,101.06,2165770
ROS,20170206,99.70,100.38,99.70,100.30,2155880
ROS,20170203,98.87,99.70,98.87,99.62,1887620
ROS,20170202,98.19,98.87,98.19,98.79,1514630
ROS,20170125,97.35,98.18,97.35,98.11,1812690
ROS,20170124,96.67,97.35,96.67,97.27,1413390
ROS,20170123,95.98,96.66,95.91,96.59,1599570
ROS,20170120,95.16,95.91,95.16,95.83,1728760
ROS,20170119,94.54,95.15,94.47,95.08,2058800
ROS,20170118,93.86,94.47,93.71,94.39,1582950
ROS,20170117,93.10,93.78,93.03,93.71,1567500
ROS,20170116,92.42,93.03,92.27,92.95,2007790
ROS,20170113,91.60,92.35,91.60,92.27,1642010
ROS,20170112,91.06,91.59,90.91,91.52,1604210
ROS,20170111,90.23,90.98,90.15,90.91,1731550
ROS,20170110,89.62,90.23,89.62,90.15,1601430
ROS,20170109,89.62,89.70,89.24,89.62,2374110
ROS,20170106,89.02,89.70,89.02,89.62,1601860
ROS,20170105,88.49,89.02,88.26,88.94,1577030
ROS,20170104,87.96,88.34,87.65,88.26,1881210
ROS,20170103,87.50,87.80,86.97,87.73,1738230
ROS,20161230,86.14,86.97,86.14,86.89,2175860
ROS,20161229,85.68,86.14,85.46,86.06,1598690
ROS,20161228,84.78,85.46,84.70,85.38,1417690
ROS,20161227,84.10,84.78,84.10,84.70,1643780
ROS,20161226,83.48,84.09,83.33,84.02,1655680
ROS,20161223,83.18,83.56,82.88,83.48,2731040
ROS,20161222,82.57,82.95,82.27,82.88,2342000
ROS,20161221,81.82,82.35,81.44,82.27,2687660
ROS,20161220,80.99,81.52,80.91,81.44,2643300
ROS,20161219,79.62,80.91,79.62,80.76,2246680
ROS,20161216,78.79,79.70,78.64,79.62,2259220
ROS,20161215,78.18,79.54,78.03,78.79,2303800
ROS,20161214,75.91,78.48,75.91,78.18,2173540
ROS,20161213,76.52,81.82,76.14,76.36,3068330
ROS,20161212,84.16,84.54,78.41,81.82,3199240
ROS,20161209,84.24,86.13,78.48,84.24,2641770
ROS,20161208,88.56,88.64,82.42,84.24,2242810
ROS,20161207,84.09,89.93,78.64,88.56,2479740
ROS,20161206,90.15,90.23,83.71,84.17,3211160
ROS,20161205,88.64,91.67,87.50,90.00,2547280
ROS,20161202,91.75,94.70,85.31,94.02,4459750
ROS,20161201,92.58,93.18,88.11,91.67,3580890
ROS,20161130,90.15,94.69,90.15,94.70,2147480
ROS,20161129,92.50,95.45,89.54,89.77,3385420
ROS,20161128,90.98,96.21,88.78,96.21,3807880
ROS,20161125,89.47,95.45,83.18,95.45,4141750
ROS,20161124,95.76,95.76,89.09,89.39,2918630
ROS,20161123,92.35,95.83,88.26,95.76,3946760
ROS,20161122,89.47,95.45,89.47,94.85,2410130
ROS,20161121,87.88,93.94,87.42,89.39,2831890
ROS,20161118,90.15,93.94,85.23,93.94,3250440
ROS,20161117,84.25,91.60,84.25,91.59,1934620
ROS,20161116,89.39,90.46,84.55,85.61,2614360
ROS,20161115,88.03,90.91,81.89,90.91,2757830
ROS,20161114,80.30,88.11,79.55,88.03,2731660
ROS,20161111,77.65,82.35,73.49,82.35,2325570
ROS,20161110,73.86,76.97,72.73,76.97,1695570
ROS,20161109,75.91,75.98,70.53,71.97,2175670
ROS,20161108,74.17,77.27,71.29,75.83,1627200
ROS,20161107,69.70,72.95,69.70,72.88,1646560
ROS,20161104,68.94,71.21,66.44,68.18,2209790
ROS,20161103,68.94,71.36,64.85,71.36,1585900
ROS,20161102,65.45,68.86,65.15,68.86,1764690
ROS,20161101,63.64,65.91,60.83,64.39,2116350
ROS,20161031,65.15,67.95,61.36,65.38,1890620
ROS,20161028,60.68,64.09,60.68,64.09,1212810
ROS,20161027,55.30,59.92,52.20,59.92,3125110
ROS,20161026,54.55,56.14,52.50,56.06,1536650
ROS,20161025,51.52,54.70,51.52,54.70,952020
ROS,20161024,49.16,54.54,48.78,51.14,1696690
ROS,20161021,47.73,51.36,45.00,51.36,1120160
ROS,20161020,44.92,48.03,44.92,48.03,870930
ROS,20161019,43.19,44.93,41.67,44.92,1331150
ROS,20161018,43.18,43.18,40.76,42.05,871330
ROS,20161017,40.61,43.41,40.53,43.41,666140
ROS,20161014,37.95,40.60,37.95,40.61,936580
ROS,20161013,39.17,39.25,36.44,37.95,1550830
ROS,20161012,39.09,39.17,38.18,39.17,731430
ROS,20161011,36.59,36.63,36.59,36.63,1084980
ROS,20161010,31.89,34.24,31.66,34.24,1346990
ROS,20161007,33.41,34.85,31.56,33.67,1260330
ROS,20161006,31.59,33.79,29.51,33.79,1059300
ROS,20161005,31.56,31.60,29.93,31.59,1194000
ROS,20161004,29.54,29.54,29.50,29.55,779620
ROS,20161003,27.61,27.61,27.57,27.61,705760
ROS,20160930,25.84,25.84,25.76,25.83,471070
ROS,20160929,22.91,24.16,22.91,24.17,1147630
ROS,20160928,22.62,22.62,22.58,22.61,671210
ROS,20160927,19.77,21.13,19.77,21.14,576120
ROS,20160926,19.70,19.92,18.94,19.77,787390
ROS,20160923,17.50,19.93,17.50,18.94,595290
ROS,20160922,18.64,19.62,18.45,18.64,867480
ROS,20160921,19.62,19.70,18.26,19.62,742590
ROS,20160920,19.62,20.45,18.26,19.62,1371480
ROS,20160919,19.62,19.62,19.58,19.62,805780
ROS,20160916,18.37,18.37,18.34,18.37,672750
ROS,20160915,17.20,17.20,16.59,17.20,1626210
ROS,20160914,16.10,16.10,16.07,16.10,825640
ROS,20160913,15.07,15.07,15.00,15.08,1189770
ROS,20160912,14.09,14.09,14.09,14.09,1015850
ROS,20160909,13.18,13.18,13.18,13.18,1292310
ROS,20160908,12.35,12.35,12.35,12.35,1534310
ROS,20160907,11.59,11.59,11.59,11.59,736700
ROS,20160906,10.83,10.83,10.76,10.83,865900
ROS,20160905,10.16,10.16,10.16,10.15,341000
ROS,20160901,6.37,9.55,6.37,9.55,153000
