<Ticker>,<DTYYYYMMDD>,<Open>,<High>,<Low>,<Close>,<Volume>
SAB,20190627,280.20,282.00,272.00,272.00,39120
SAB,20190626,282.00,285.00,276.00,282.00,15730
SAB,20190625,281.00,281.80,278.00,281.80,39550
SAB,20190624,278.00,281.00,278.00,281.00,16480
SAB,20190621,278.00,280.90,275.00,278.00,9220
SAB,20190620,269.00,283.50,269.00,275.00,76630
SAB,20190619,275.50,275.50,271.20,275.50,19130
SAB,20190618,273.00,273.00,266.50,273.00,4510
SAB,20190617,273.00,273.00,267.00,273.00,37450
SAB,20190614,266.90,274.00,266.90,273.00,13550
SAB,20190613,274.00,274.50,271.00,274.00,12580
SAB,20190612,276.00,276.00,267.00,274.00,77400
SAB,20190611,280.00,280.00,276.00,276.00,45180
SAB,20190610,276.40,281.90,276.00,281.80,105770
SAB,20190607,274.10,276.50,269.40,276.40,40580
SAB,20190606,274.00,275.00,268.00,274.00,35900
SAB,20190605,270.10,280.00,268.50,274.00,28210
SAB,20190604,265.10,273.00,265.10,273.00,30160
SAB,20190603,263.50,274.00,257.00,270.00,98360
SAB,20190531,263.40,267.00,260.10,267.00,8830
SAB,20190530,262.00,267.00,256.00,263.50,21680
SAB,20190529,260.00,263.00,258.90,260.30,13900
SAB,20190528,265.00,265.00,260.00,260.00,28730
SAB,20190527,263.80,265.00,260.00,265.00,20920
SAB,20190524,260.10,263.90,260.10,261.20,37100
SAB,20190523,263.70,263.70,260.00,261.10,14780
SAB,20190522,263.60,263.70,260.70,263.70,24670
SAB,20190521,261.50,264.00,260.30,263.70,17760
SAB,20190520,257.00,265.00,252.00,263.00,30630
SAB,20190517,254.90,258.00,247.50,257.00,31530
SAB,20190516,254.00,254.50,245.00,245.00,20320
SAB,20190515,252.00,257.60,252.00,253.00,108360
SAB,20190514,248.00,259.00,245.10,253.00,15220
SAB,20190513,249.50,252.00,248.00,248.00,15300
SAB,20190510,247.00,249.40,243.00,248.00,23230
SAB,20190509,239.50,246.90,239.50,246.00,20630
SAB,20190508,240.00,243.00,240.00,242.20,28490
SAB,20190507,239.20,243.00,239.20,241.60,7320
SAB,20190506,243.50,243.50,238.30,240.50,20240
SAB,20190503,243.70,243.80,239.70,243.70,80940
SAB,20190502,239.20,244.00,239.20,243.70,48200
SAB,20190426,237.00,242.00,235.10,239.20,27270
SAB,20190425,240.10,240.10,236.50,239.00,43550
SAB,20190424,241.00,242.00,239.20,240.00,49760
SAB,20190423,240.00,242.00,238.50,240.50,23410
SAB,20190422,240.50,243.00,236.50,243.00,18000
SAB,20190419,243.00,243.00,237.10,240.50,8170
SAB,20190418,246.70,247.00,231.00,231.00,41150
SAB,20190417,244.10,247.50,244.10,246.80,12340
SAB,20190416,244.20,247.00,241.20,246.20,13250
SAB,20190412,247.50,248.50,244.20,244.20,5890
SAB,20190411,247.00,249.80,241.20,247.50,32940
SAB,20190410,249.00,249.00,240.10,247.00,39630
SAB,20190409,246.60,249.40,245.10,245.10,22770
SAB,20190408,249.90,249.90,248.00,249.40,2390
SAB,20190405,247.10,250.70,247.10,248.00,13040
SAB,20190404,246.90,250.80,246.10,249.80,38740
SAB,20190403,248.60,248.60,245.40,246.90,1200
SAB,20190402,251.10,251.10,246.00,246.00,21890
SAB,20190401,250.40,250.40,247.50,249.70,23050
SAB,20190329,251.90,251.90,247.00,249.70,122590
SAB,20190328,250.80,250.80,247.60,250.00,8320
SAB,20190327,250.80,251.00,247.30,250.80,12020
SAB,20190326,248.80,250.90,247.20,250.80,41590
SAB,20190325,250.00,250.00,245.00,248.80,5640
SAB,20190322,245.00,251.00,245.00,251.00,30810
SAB,20190321,250.90,251.00,245.60,249.40,17670
SAB,20190320,245.00,250.00,245.00,249.50,17820
SAB,20190319,245.10,249.50,245.10,248.00,37320
SAB,20190318,250.10,253.80,245.10,245.10,75530
SAB,20190315,255.00,255.00,247.80,253.80,40550
SAB,20190314,253.00,257.50,252.00,253.00,26120
SAB,20190313,249.30,258.00,234.90,255.00,54140
SAB,20190312,245.00,252.60,244.70,252.00,42620
SAB,20190311,245.00,246.30,241.60,245.00,20340
SAB,20190308,242.90,245.00,241.00,245.00,29050
SAB,20190307,242.00,242.90,240.50,241.10,25340
SAB,20190306,240.40,245.00,240.00,243.90,22910
SAB,20190305,244.50,244.80,240.10,243.50,10220
SAB,20190304,240.00,245.50,239.00,242.00,44090
SAB,20190301,236.30,246.00,236.30,242.00,31250
SAB,20190228,245.30,247.50,240.00,240.00,31930
SAB,20190227,248.00,248.00,246.00,247.50,7770
SAB,20190226,246.00,248.00,246.00,247.00,26360
SAB,20190225,247.00,247.80,246.00,247.80,31140
SAB,20190222,248.00,248.70,247.00,247.00,14040
SAB,20190221,244.00,248.00,244.00,248.00,24550
SAB,20190220,239.00,244.00,239.00,244.00,39420
SAB,20190219,239.00,242.20,238.00,241.00,25550
SAB,20190218,238.90,240.00,238.90,240.00,19000
SAB,20190215,239.50,239.80,237.10,238.40,48220
SAB,20190214,238.00,238.00,236.00,238.00,123270
SAB,20190213,237.80,237.90,235.20,236.10,118000
SAB,20190212,239.00,239.00,233.50,237.80,11200
SAB,20190211,234.00,234.20,231.40,233.30,42810
SAB,20190201,233.00,234.80,231.00,233.00,80480
SAB,20190131,233.00,233.50,232.10,233.00,21200
SAB,20190130,233.00,234.80,231.70,233.00,36010
SAB,20190129,234.50,234.50,231.10,233.00,18620
SAB,20190128,233.00,234.80,231.00,233.00,24370
SAB,20190125,232.00,233.90,231.10,233.00,26850
SAB,20190124,234.80,235.00,232.00,233.00,35920
SAB,20190123,233.80,234.50,232.10,233.80,16500
SAB,20190122,235.00,235.00,232.50,233.80,14570
SAB,20190121,237.20,237.20,234.50,234.50,4770
SAB,20190118,234.50,237.40,234.40,234.50,14340
SAB,20190117,238.00,240.80,234.50,234.50,41400
SAB,20190116,238.30,241.00,238.00,239.00,30300
SAB,20190115,238.00,239.90,238.00,239.60,23500
SAB,20190114,242.50,242.50,237.90,240.00,45290
SAB,20190111,240.00,240.50,236.10,240.00,38820
SAB,20190110,240.60,243.80,239.30,240.00,28560
SAB,20190109,244.00,248.00,239.00,244.00,25150
SAB,20190108,243.20,244.00,239.10,244.00,11600
SAB,20190107,243.20,248.00,241.00,244.00,12270
SAB,20190104,246.00,246.00,235.10,243.20,8540
SAB,20190103,248.80,255.00,233.20,245.50,98800
SAB,20190102,267.50,267.50,248.80,248.80,46990
SAB,20181228,250.80,267.50,246.50,267.50,46420
SAB,20181227,249.90,250.90,247.00,250.80,35850
SAB,20181226,242.90,249.00,242.90,249.00,23360
SAB,20181225,242.20,246.90,242.20,246.90,40810
SAB,20181224,240.00,248.90,240.00,246.90,43500
SAB,20181221,245.00,247.00,243.30,247.00,67740
SAB,20181220,250.00,250.00,246.50,247.00,89640
SAB,20181219,250.00,250.40,245.60,250.00,102270
SAB,20181218,250.40,250.40,246.00,250.40,45170
SAB,20181217,248.00,250.40,247.90,250.40,59460
SAB,20181214,250.30,252.80,249.10,250.40,31370
SAB,20181213,253.30,254.00,250.20,250.20,30870
SAB,20181212,249.60,255.00,249.60,253.00,49700
SAB,20181211,246.40,253.00,246.40,253.00,28960
SAB,20181210,243.00,248.90,243.00,248.00,44570
SAB,20181207,246.00,250.90,244.10,247.30,30960
SAB,20181206,245.20,247.70,242.00,247.00,15460
SAB,20181205,249.80,249.80,245.50,245.50,24420
SAB,20181204,249.00,252.00,248.00,248.00,32320
SAB,20181203,255.00,255.00,248.00,251.00,19310
SAB,20181130,249.50,251.00,246.50,250.00,55080
SAB,20181129,252.00,256.00,249.50,250.00,114710
SAB,20181128,242.00,250.00,240.30,250.00,63680
SAB,20181127,236.10,243.00,236.10,242.00,31970
SAB,20181126,240.00,240.00,238.00,238.10,21380
SAB,20181123,238.99,240.97,236.51,239.49,14130
SAB,20181122,239.98,240.97,237.01,239.98,12800
SAB,20181121,239.98,239.98,236.02,239.98,61600
SAB,20181120,240.77,241.96,238.10,241.47,28270
SAB,20181119,242.96,246.43,239.98,243.45,23290
SAB,20181116,242.96,244.84,239.98,242.96,42550
SAB,20181115,240.48,246.83,238.00,242.96,46990
SAB,20181114,236.02,244.45,235.62,240.98,77240
SAB,20181113,230.37,239.99,230.07,235.62,49110
SAB,20181112,224.02,234.04,222.14,231.06,50480
SAB,20181109,224.12,224.12,221.24,224.02,32970
SAB,20181108,223.13,224.92,221.64,224.02,26180
SAB,20181107,221.44,223.13,218.27,223.13,40070
SAB,20181106,221.14,221.64,217.37,221.44,26860
SAB,20181105,217.18,221.14,216.28,221.14,42370
SAB,20181102,218.17,220.65,216.68,220.15,81350
SAB,20181101,220.65,220.65,216.39,220.15,11320
SAB,20181031,220.35,220.65,214.30,220.65,55160
SAB,20181030,220.15,221.04,210.23,220.35,90870
SAB,20181029,220.15,220.65,219.36,220.15,67050
SAB,20181026,221.54,221.54,217.37,219.36,32970
SAB,20181025,215.29,220.15,215.19,220.15,26680
SAB,20181024,220.54,222.23,218.66,220.15,54220
SAB,20181023,220.15,222.13,218.17,221.04,34600
SAB,20181022,218.17,220.65,216.19,220.15,31600
SAB,20181019,218.17,220.84,216.18,218.17,24610
SAB,20181018,222.03,222.03,219.36,220.15,10210
SAB,20181017,220.15,221.44,219.26,221.14,36550
SAB,20181016,218.76,222.33,218.66,220.15,22050
SAB,20181015,217.19,221.52,216.70,219.65,45960
SAB,20181012,218.66,219.64,215.71,219.16,40990
SAB,20181011,222.60,222.60,215.11,218.66,21230
SAB,20181010,218.37,222.61,218.37,222.60,18450
SAB,20181009,218.37,219.85,216.80,219.85,27710
SAB,20181008,218.37,219.85,216.60,219.85,24950
SAB,20181005,219.65,222.50,218.66,219.85,22290
SAB,20181004,222.61,223.29,221.62,222.60,4940
SAB,20181003,221.62,223.59,221.62,222.31,17230
SAB,20181002,218.86,221.62,216.50,221.62,103220
SAB,20181001,218.96,218.96,216.70,218.86,20780
SAB,20180928,217.67,219.15,216.69,219.16,66090
SAB,20180927,215.61,218.66,214.92,216.69,34790
SAB,20180926,215.71,215.71,213.74,215.61,22560
SAB,20180925,215.61,215.71,214.53,215.71,18180
SAB,20180924,215.71,215.71,214.23,215.61,26420
SAB,20180921,215.22,218.57,214.04,215.71,30810
SAB,20180920,216.69,218.66,215.21,216.60,9720
SAB,20180919,219.65,219.65,216.70,216.69,19770
SAB,20180918,220.63,220.63,218.66,219.65,24680
SAB,20180917,221.62,221.62,218.17,218.76,5410
SAB,20180914,218.66,221.61,218.66,219.45,42150
SAB,20180913,217.68,219.35,217.68,218.66,7230
SAB,20180912,218.76,219.55,216.99,219.45,11530
SAB,20180911,219.65,219.65,216.89,219.65,19770
SAB,20180910,219.35,219.65,216.79,219.65,31480
SAB,20180907,216.69,219.55,215.90,219.45,32790
SAB,20180906,218.66,219.55,215.71,219.45,41630
SAB,20180905,220.44,220.44,217.78,219.55,38610
SAB,20180904,222.60,222.60,220.24,220.44,60720
SAB,20180831,222.60,222.60,219.94,222.60,47370
SAB,20180830,218.86,222.60,218.86,222.60,37240
SAB,20180829,218.66,222.60,216.69,222.60,25460
SAB,20180828,215.71,219.65,215.41,218.66,38360
SAB,20180827,210.78,219.45,210.00,215.71,67490
SAB,20180824,207.83,209.80,206.85,209.80,95550
SAB,20180823,208.82,209.80,207.14,209.31,79280
SAB,20180822,209.80,209.80,206.94,209.80,42550
SAB,20180821,209.80,209.80,205.47,209.80,71180
SAB,20180820,206.94,209.80,206.85,209.80,34660
SAB,20180817,208.81,209.79,206.84,209.80,45730
SAB,20180816,207.83,208.81,204.19,208.81,56860
SAB,20180815,206.84,208.71,204.87,207.83,44610
SAB,20180814,206.84,206.84,204.38,206.84,33560
SAB,20180813,205.86,206.84,203.00,206.84,84580
SAB,20180810,204.87,206.35,200.93,205.86,79050
SAB,20180809,196.99,204.87,196.01,204.87,134190
SAB,20180808,194.04,196.99,192.07,196.99,72620
SAB,20180807,194.53,196.01,190.89,196.01,77380
SAB,20180806,196.90,197.00,194.24,196.01,58550
SAB,20180803,200.44,201.91,196.50,196.90,83590
SAB,20180802,201.03,202.81,199.95,200.93,41290
SAB,20180801,201.92,202.90,200.64,201.92,33350
SAB,20180731,201.03,203.89,200.93,202.41,112500
SAB,20180730,203.89,203.89,201.92,203.69,41840
SAB,20180727,200.05,203.89,200.05,203.89,71130
SAB,20180726,199.56,203.89,199.16,203.89,113290
SAB,20180725,202.60,205.86,202.01,203.89,89120
SAB,20180724,207.83,207.83,202.71,206.84,106300
SAB,20180723,201.91,207.33,200.44,207.34,121840
SAB,20180720,211.77,213.25,197.00,196.99,167500
SAB,20180719,212.86,214.73,211.77,211.77,68430
SAB,20180718,214.72,214.72,211.77,214.63,57210
SAB,20180717,212.76,214.73,210.89,214.72,63080
SAB,20180716,214.72,214.72,210.78,214.63,74340
SAB,20180713,214.72,215.80,210.78,214.72,114030
SAB,20180712,214.72,217.67,214.72,214.82,25860
SAB,20180711,217.38,217.38,213.83,216.69,78980
SAB,20180710,219.55,219.55,214.43,216.69,81620
SAB,20180709,219.55,219.64,216.00,217.38,16370
SAB,20180706,216.69,218.56,212.75,216.69,34770
SAB,20180705,223.49,223.49,216.69,216.69,25820
SAB,20180704,220.63,224.57,220.63,222.60,47480
SAB,20180703,226.54,226.54,221.91,224.67,52210
SAB,20180702,221.62,226.54,217.38,226.54,57880
SAB,20180629,216.10,222.11,212.85,222.11,69820
SAB,20180628,217.87,218.66,213.83,216.10,45520
SAB,20180627,218.76,221.42,218.17,219.35,54630
SAB,20180626,221.61,221.61,218.17,219.35,32870
SAB,20180625,222.60,223.49,220.04,221.91,30380
SAB,20180622,222.60,223.58,219.15,222.60,32580
SAB,20180621,224.48,224.48,218.67,222.60,53980
SAB,20180620,212.76,224.48,212.76,224.48,91770
SAB,20180619,227.03,230.87,212.65,221.62,112000
SAB,20180618,230.48,233.43,227.52,228.51,29860
SAB,20180615,229.50,231.27,224.87,231.07,64480
SAB,20180614,231.67,234.43,229.60,229.60,45510
SAB,20180613,235.41,235.41,230.49,231.57,25070
SAB,20180612,239.35,239.35,232.46,235.41,38540
SAB,20180611,239.35,244.08,238.56,239.35,56660
SAB,20180608,241.32,245.25,239.35,241.32,45080
SAB,20180607,243.29,246.24,239.35,244.27,35980
SAB,20180606,241.32,246.05,240.33,243.29,31750
SAB,20180605,237.48,246.24,235.41,243.88,52080
SAB,20180604,240.34,241.32,235.41,237.97,50940
SAB,20180601,239.34,241.31,232.65,241.32,77480
SAB,20180531,225.56,241.32,220.64,236.39,210920
SAB,20180530,222.31,226.54,217.98,225.56,104040
SAB,20180529,230.68,230.68,218.66,225.56,99830
SAB,20180528,224.57,234.12,224.57,228.51,51610
SAB,20180525,233.24,241.12,230.48,230.48,71290
SAB,20180524,240.33,241.32,229.50,239.15,103370
SAB,20180523,245.25,246.34,237.57,239.35,137620
SAB,20180522,243.98,246.05,241.32,244.17,79840
SAB,20180521,248.61,251.27,243.78,247.23,122730
SAB,20180518,241.81,248.61,238.07,248.61,76970
SAB,20180517,245.75,247.42,237.87,237.87,97390
SAB,20180516,246.24,248.21,240.33,248.21,48810
SAB,20180515,243.78,254.12,238.36,246.24,122170
SAB,20180514,234.42,242.30,226.64,242.30,96830
SAB,20180511,230.48,232.45,224.77,232.45,53000
SAB,20180510,228.51,233.93,216.69,230.48,66110
SAB,20180509,235.41,235.51,227.82,230.48,74870
SAB,20180508,230.78,238.27,226.54,231.37,60600
SAB,20180507,216.69,230.78,216.60,230.78,65630
SAB,20180504,215.70,215.70,212.75,215.71,19780
SAB,20180503,209.80,214.23,209.11,214.03,30530
SAB,20180502,211.77,212.75,209.80,209.90,48470
SAB,20180427,215.22,217.19,209.80,209.80,89760
SAB,20180426,217.68,217.68,213.74,215.71,33360
SAB,20180424,213.74,219.65,211.77,213.74,46310
SAB,20180423,220.63,224.57,212.75,214.23,54110
SAB,20180420,209.01,219.75,209.01,218.66,54550
SAB,20180419,225.36,225.36,209.01,209.01,77190
SAB,20180418,227.53,227.53,223.79,224.57,51070
SAB,20180417,226.74,227.53,224.57,225.56,24610
SAB,20180416,225.56,226.94,224.08,226.05,31290
SAB,20180413,225.65,228.51,224.08,224.38,73370
SAB,20180412,226.54,227.52,224.57,226.54,55840
SAB,20180411,223.68,231.37,223.68,226.54,46760
SAB,20180410,222.51,229.11,220.14,226.54,87150
SAB,20180409,220.64,225.56,220.64,221.62,43750
SAB,20180406,222.61,226.55,222.61,223.79,32490
SAB,20180405,222.70,229.99,219.65,223.79,43680
SAB,20180404,227.53,227.53,219.65,222.60,55540
SAB,20180403,234.42,235.40,225.56,225.56,65850
SAB,20180402,239.84,241.31,234.42,234.42,88560
SAB,20180330,235.51,238.37,235.51,236.98,76080
SAB,20180329,238.37,238.37,235.41,235.51,78840
SAB,20180328,240.33,241.31,234.42,235.51,104670
SAB,20180327,245.16,245.16,236.49,240.33,83420
SAB,20180326,230.48,241.32,230.48,240.53,174720
SAB,20180323,226.64,233.44,222.70,231.86,162010
SAB,20180322,222.60,231.96,219.65,227.53,199230
SAB,20180321,223.58,224.57,218.66,222.60,106190
SAB,20180320,217.78,225.46,215.91,222.60,89610
SAB,20180319,226.55,231.28,221.62,221.62,103660
SAB,20180316,215.70,225.36,206.84,225.07,442820
SAB,20180315,207.83,210.79,201.73,210.78,196320
SAB,20180314,212.76,213.64,204.88,211.38,215240
SAB,20180313,217.68,217.68,212.26,213.74,100580
SAB,20180312,218.67,218.67,216.70,216.89,41840
SAB,20180309,218.66,218.76,216.10,217.09,49770
SAB,20180308,218.66,218.66,216.70,216.79,48500
SAB,20180307,217.19,220.54,216.70,217.68,84500
SAB,20180306,222.60,222.80,216.20,217.19,259600
SAB,20180305,224.57,227.33,222.60,222.60,80570
SAB,20180302,225.85,226.54,224.37,224.57,89080
SAB,20180301,229.50,231.67,226.45,228.51,104990
SAB,20180228,238.36,238.36,231.66,231.67,101780
SAB,20180227,241.32,241.32,235.70,237.87,202240
SAB,20180226,236.39,240.33,233.44,239.05,220820
SAB,20180223,239.35,239.35,233.25,236.39,44180
SAB,20180222,236.40,238.36,234.23,234.23,121670
SAB,20180221,234.42,241.31,230.48,237.38,52050
SAB,20180213,230.48,233.44,229.50,230.38,20870
SAB,20180212,226.54,229.50,221.62,229.50,108810
SAB,20180209,221.62,221.62,212.76,221.62,96300
SAB,20180208,229.30,230.48,221.62,221.62,67480
SAB,20180207,229.30,237.38,229.00,229.30,45750
SAB,20180206,235.31,235.31,218.96,229.20,134250
SAB,20180205,241.32,243.09,232.46,235.31,126340
SAB,20180202,241.32,243.29,237.48,243.29,77900
SAB,20180201,243.29,243.29,239.94,241.32,138000
SAB,20180131,242.30,248.21,242.30,243.29,124310
SAB,20180130,240.34,242.30,239.84,242.30,95220
SAB,20180129,248.31,248.80,241.32,241.32,164600
SAB,20180126,254.12,254.22,248.31,248.31,103010
SAB,20180125,258.06,258.06,253.14,254.12,94990
SAB,20180122,251.17,258.06,247.82,257.08,184370
SAB,20180119,253.93,254.13,251.17,251.66,200930
SAB,20180118,253.92,253.92,249.49,253.93,104920
SAB,20180117,255.11,256.59,253.63,254.12,171960
SAB,20180116,256.59,256.59,254.13,255.11,152440
SAB,20180115,257.08,257.08,241.42,256.59,81970
SAB,20180112,255.57,255.57,251.69,253.34,94390
SAB,20180111,253.63,256.54,251.98,253.63,184000
SAB,20180110,253.63,254.60,251.69,252.17,82190
SAB,20180109,256.55,256.55,252.66,253.63,127130
SAB,20180108,255.58,256.55,251.69,253.63,115690
SAB,20180105,260.43,260.91,255.66,256.84,131870
SAB,20180104,260.44,261.12,255.58,259.94,238800
SAB,20180103,245.17,257.51,245.17,257.52,231500
SAB,20180102,246.83,247.51,242.84,245.17,116190
SAB,20171229,246.63,246.63,242.16,242.26,170350
SAB,20171228,246.83,246.83,242.16,242.16,177330
SAB,20171227,248.77,252.66,245.08,245.08,156790
SAB,20171226,256.55,256.74,248.77,249.74,174190
SAB,20171225,247.70,258.39,244.88,257.13,119540
SAB,20171222,250.71,254.60,243.91,243.91,226780
SAB,20171221,244.88,257.51,241.87,242.16,583060
SAB,20171220,260.43,272.09,259.95,259.94,276270
SAB,20171219,300.47,301.25,279.48,279.48,362340
SAB,20171218,300.47,308.92,300.47,300.47,255930
SAB,20171215,300.27,301.24,298.33,300.47,138480
SAB,20171214,308.05,308.05,300.27,300.27,131480
SAB,20171213,310.67,311.93,304.16,305.13,133180
SAB,20171212,304.64,304.64,299.30,304.16,311160
SAB,20171211,302.21,302.21,284.72,284.72,142910
SAB,20171208,307.08,310.48,298.82,300.27,85860
SAB,20171207,320.68,323.60,306.11,310.38,50120
SAB,20171206,320.68,323.60,307.08,318.74,65890
SAB,20171205,327.38,328.45,320.67,320.68,64960
SAB,20171204,320.68,331.37,320.68,322.91,77450
SAB,20171201,319.71,322.14,315.92,320.68,41490
SAB,20171130,332.15,337.20,319.71,319.71,59880
SAB,20171129,324.56,332.73,313.88,329.43,114970
SAB,20171128,292.50,310.96,292.50,310.96,41090
SAB,20171127,301.35,309.99,291.73,294.44,27840
SAB,20171124,301.24,310.57,296.38,309.80,55290
SAB,20171123,299.69,301.24,292.50,300.27,34940
SAB,20171122,284.72,300.27,284.72,299.69,113570
SAB,20171121,272.67,290.55,272.57,284.72,116870
SAB,20171120,268.20,272.87,267.52,272.67,46050
SAB,20171117,273.06,275.88,267.52,272.09,81030
SAB,20171116,260.43,272.09,260.43,272.09,55060
SAB,20171115,266.36,270.64,262.09,263.25,44210
SAB,20171114,268.40,272.09,266.46,266.46,18400
SAB,20171113,268.69,274.81,268.20,268.40,37370
SAB,20171110,270.25,270.25,266.17,268.69,16650
SAB,20171109,273.55,274.91,269.86,270.25,4680
SAB,20171108,280.65,290.46,269.86,273.55,79920
SAB,20171107,280.84,281.81,277.05,277.05,50470
SAB,20171106,281.81,283.75,279.87,281.81,7770
SAB,20171103,277.44,281.81,273.16,281.81,12150
SAB,20171102,278.80,280.84,275.98,280.84,43940
SAB,20171101,277.53,278.89,272.77,278.80,18930
SAB,20171031,278.89,278.89,275.10,277.53,3060
SAB,20171030,272.09,278.90,269.18,278.89,110150
SAB,20171027,274.04,274.04,264.42,272.58,26460
SAB,20171026,272.58,274.04,267.23,274.04,45560
SAB,20171025,272.58,272.58,266.26,271.51,5720
SAB,20171024,272.09,273.94,262.47,272.58,54670
SAB,20171023,268.20,272.09,262.47,272.09,36380
SAB,20171020,267.82,275.98,262.38,262.37,27530
SAB,20171019,276.76,276.95,270.15,270.15,38990
SAB,20171018,269.27,274.04,269.18,273.55,177700
SAB,20171017,264.32,271.12,260.63,271.12,40630
SAB,20171016,264.32,265.00,261.40,264.32,47420
SAB,20171013,258.49,264.32,253.73,264.32,57150
SAB,20171012,253.73,258.78,253.73,258.49,19470
SAB,20171011,252.56,254.50,252.46,254.41,15300
SAB,20171010,254.30,254.40,252.07,252.75,20900
SAB,20171009,255.37,255.37,248.28,252.75,12300
SAB,20171006,254.51,254.51,248.00,252.75,1920
SAB,20171005,247.80,257.33,247.80,252.66,2220
SAB,20171004,248.00,253.05,248.00,253.05,3250
SAB,20171003,254.60,254.60,248.86,249.55,7330
SAB,20171002,252.66,255.48,248.77,250.71,3580
SAB,20170929,258.48,264.80,252.65,252.66,13640
SAB,20170928,247.80,262.38,244.50,258.58,16960
SAB,20170927,250.71,250.71,245.85,247.80,15050
SAB,20170926,254.11,254.11,249.83,250.71,5600
SAB,20170925,258.68,258.68,242.94,254.11,14620
SAB,20170922,263.25,263.25,257.52,258.68,5950
SAB,20170921,264.32,264.32,257.52,257.52,52660
SAB,20170920,269.17,269.17,264.22,265.29,12860
SAB,20170919,268.69,270.15,264.32,267.23,20580
SAB,20170918,272.00,272.00,260.43,268.69,19100
SAB,20170915,259.46,264.31,259.46,264.32,24350
SAB,20170914,271.12,271.12,263.83,264.80,36910
SAB,20170913,273.06,276.85,269.46,269.47,27310
SAB,20170912,272.09,280.84,272.09,273.06,28500
SAB,20170911,273.74,280.83,273.74,276.95,29280
SAB,20170908,266.26,273.74,265.29,273.74,48020
SAB,20170907,255.57,263.54,251.88,263.54,107880
SAB,20170906,248.77,255.57,248.77,255.57,22460
SAB,20170905,247.31,255.57,247.31,247.80,42560
SAB,20170901,243.91,247.31,243.91,247.31,18680
SAB,20170831,240.12,248.09,240.12,243.91,49740
SAB,20170830,242.84,242.94,240.22,242.94,10860
SAB,20170829,240.03,242.94,239.83,241.97,16570
SAB,20170828,245.85,245.85,238.08,245.37,23900
SAB,20170825,241.00,246.73,239.15,245.85,10060
SAB,20170824,247.51,247.80,239.06,247.51,67660
SAB,20170823,242.75,247.70,234.20,247.51,46130
SAB,20170822,251.59,251.59,235.65,239.25,40100
SAB,20170821,240.99,249.74,238.08,249.74,59480
SAB,20170818,239.05,247.79,239.05,245.85,48040
SAB,20170817,242.74,255.57,242.74,245.85,85640
SAB,20170816,238.57,241.97,233.32,241.87,39460
SAB,20170815,238.96,238.96,230.31,236.04,80350
SAB,20170814,239.15,242.85,237.11,237.11,25970
SAB,20170811,241.97,243.43,238.18,241.00,25140
SAB,20170810,241.97,243.43,235.66,241.97,19570
SAB,20170809,244.88,252.17,235.16,235.17,61800
SAB,20170808,251.19,251.19,242.06,245.85,41220
SAB,20170807,238.08,255.57,238.08,242.06,33620
SAB,20170804,238.86,238.86,233.71,238.86,15550
SAB,20170803,238.08,238.86,236.23,238.08,5910
SAB,20170802,237.98,238.56,233.70,238.47,14340
SAB,20170801,233.22,237.98,231.28,237.98,69450
SAB,20170731,225.45,230.21,225.45,230.21,95520
SAB,20170728,228.37,228.85,224.58,228.85,15600
SAB,20170727,223.51,228.75,223.51,228.56,25440
SAB,20170726,229.34,229.34,213.20,228.56,28870
SAB,20170725,228.36,229.34,226.23,228.85,19390
SAB,20170724,228.85,229.72,217.67,228.85,111440
SAB,20170721,227.39,230.79,225.45,228.85,117590
SAB,20170720,225.54,228.36,219.61,227.39,93230
SAB,20170719,221.47,229.34,220.59,225.54,171600
SAB,20170718,216.70,221.56,214.76,219.62,87890
SAB,20170717,206.02,215.73,206.02,213.30,44950
SAB,20170714,205.52,205.81,205.04,205.53,50680
SAB,20170713,204.07,204.55,202.61,204.55,44270
SAB,20170712,205.13,205.52,204.06,204.26,9580
SAB,20170711,204.07,204.94,203.58,204.55,85430
SAB,20170710,204.07,204.46,203.10,204.07,65040
SAB,20170707,204.07,204.17,202.71,204.07,11440
SAB,20170706,204.07,204.07,201.74,204.07,5360
SAB,20170705,203.09,204.07,203.09,204.07,8580
SAB,20170704,199.21,204.94,199.21,204.94,44930
SAB,20170703,204.07,204.56,198.24,204.07,50930
SAB,20170630,200.67,203.10,200.67,202.42,81400
SAB,20170629,200.96,201.64,196.39,200.67,66380
SAB,20170628,201.54,201.54,195.52,200.96,8280
SAB,20170627,201.54,202.12,200.67,201.54,16400
SAB,20170626,201.16,201.64,200.19,201.54,13630
SAB,20170623,199.02,201.06,198.53,201.06,36240
SAB,20170622,199.11,199.98,197.36,199.21,5890
SAB,20170621,197.27,199.12,196.30,199.11,19620
SAB,20170620,195.32,197.26,182.59,197.27,48670
SAB,20170619,195.32,195.32,194.35,195.32,47210
SAB,20170616,194.35,197.27,194.35,194.64,13430
SAB,20170615,196.29,196.29,194.35,194.35,13680
SAB,20170614,189.50,196.30,189.40,194.35,140190
SAB,20170613,189.39,189.39,187.06,189.40,19500
SAB,20170612,185.61,188.43,184.64,188.42,55930
SAB,20170609,183.86,186.58,183.86,185.61,7830
SAB,20170608,186.09,186.09,185.12,185.61,1840
SAB,20170607,185.90,186.48,184.64,186.48,32930
SAB,20170606,185.61,185.90,183.96,185.90,40210
SAB,20170605,184.83,185.61,184.64,185.61,21070
SAB,20170602,184.63,185.60,183.66,185.61,11640
SAB,20170601,183.86,185.80,183.86,184.63,19790
SAB,20170531,184.83,185.71,183.76,183.76,133970
SAB,20170530,185.60,185.70,184.63,185.61,49970
SAB,20170529,184.15,185.12,184.15,184.63,79770
SAB,20170526,188.14,188.14,182.69,184.15,28150
SAB,20170525,184.64,185.61,184.54,185.61,48990
SAB,20170524,188.52,188.52,184.92,185.61,38050
SAB,20170523,189.98,190.17,185.60,188.52,234300
SAB,20170522,184.63,186.57,184.14,185.02,68360
SAB,20170519,184.64,184.64,183.57,184.63,18730
SAB,20170518,183.47,184.63,183.47,184.54,8860
SAB,20170517,182.69,189.49,182.69,183.37,21820
SAB,20170516,188.52,188.52,185.70,185.70,8650
SAB,20170515,190.95,190.95,188.52,188.52,23710
SAB,20170512,190.47,192.31,190.47,190.95,7380
SAB,20170511,191.24,192.70,190.37,190.37,18710
SAB,20170510,190.95,193.37,190.95,191.24,7830
SAB,20170509,193.38,193.38,191.14,191.14,15040
SAB,20170508,193.86,193.86,193.38,193.38,38090
SAB,20170505,193.19,193.77,193.19,193.67,1140
SAB,20170504,194.25,194.25,192.70,193.38,39290
SAB,20170503,194.25,194.25,193.38,194.25,5880
SAB,20170428,194.25,194.35,192.40,194.25,7590
SAB,20170427,194.84,195.33,194.26,194.25,66200
SAB,20170426,193.87,194.84,193.38,194.84,15380
SAB,20170425,193.38,194.35,193.38,193.38,12720
SAB,20170424,195.32,195.81,194.35,194.35,54940
SAB,20170421,194.35,195.32,192.41,195.32,28730
SAB,20170420,195.81,195.81,194.35,194.35,23910
SAB,20170419,199.21,199.21,194.84,195.81,9950
SAB,20170418,200.18,200.18,197.75,199.21,49600
SAB,20170417,199.21,201.16,198.24,201.15,60990
SAB,20170414,201.06,201.06,196.78,198.24,24610
SAB,20170413,196.30,200.19,196.30,199.21,17760
SAB,20170412,201.15,201.64,197.27,197.27,7830
SAB,20170411,203.10,203.59,201.16,201.64,47920
SAB,20170410,198.24,203.10,198.14,203.10,41220
SAB,20170407,197.27,199.21,196.30,199.21,22080
SAB,20170405,196.78,197.27,194.93,197.27,24480
SAB,20170404,193.77,194.74,193.77,194.74,11070
SAB,20170403,194.35,196.20,194.35,194.74,20480
SAB,20170331,196.29,196.29,194.35,194.35,10830
SAB,20170330,194.35,196.29,194.35,196.29,11700
SAB,20170329,192.51,199.21,192.41,194.35,35850
SAB,20170328,195.32,196.29,193.38,193.38,55080
SAB,20170327,194.35,194.84,193.38,194.35,25830
SAB,20170324,196.29,196.39,193.47,194.35,101770
SAB,20170323,196.59,199.02,194.84,196.29,20840
SAB,20170322,199.40,200.08,194.83,197.27,42630
SAB,20170321,203.10,203.10,199.02,199.40,61100
SAB,20170320,202.13,203.98,202.13,203.10,7670
SAB,20170317,206.89,206.89,202.13,202.13,14250
SAB,20170316,205.62,207.95,199.69,206.89,7450
SAB,20170315,207.96,208.93,205.04,205.62,13250
SAB,20170314,201.15,210.87,197.46,207.96,54260
SAB,20170313,205.04,205.04,200.57,201.15,30560
SAB,20170310,209.90,209.90,205.04,205.04,17550
SAB,20170309,210.00,214.76,206.01,209.90,56450
SAB,20170308,216.31,216.31,212.23,212.72,14120
SAB,20170307,218.55,218.65,216.31,216.31,35720
SAB,20170306,218.64,219.13,215.73,218.16,32990
SAB,20170303,216.70,219.04,214.76,219.03,20670
SAB,20170302,220.59,220.59,213.01,218.55,30250
SAB,20170301,219.61,219.61,218.64,219.52,69440
SAB,20170228,219.13,219.81,218.74,218.74,50720
SAB,20170227,218.16,221.46,217.67,218.74,61270
SAB,20170224,221.56,223.51,219.62,220.59,107840
SAB,20170223,218.54,220.58,217.67,220.59,130020
SAB,20170222,213.30,218.16,213.30,217.96,100360
SAB,20170221,211.45,213.78,211.45,213.40,34930
SAB,20170220,207.28,211.85,207.18,211.84,103930
SAB,20170217,208.93,208.93,207.96,208.64,34430
SAB,20170216,207.96,209.90,207.96,209.32,44230
SAB,20170215,209.90,209.90,206.79,207.86,84300
SAB,20170214,207.37,210.77,207.08,209.90,72220
SAB,20170213,207.18,208.64,204.07,207.37,25240
SAB,20170210,205.04,207.96,205.04,207.18,35880
SAB,20170209,209.22,209.22,202.13,205.04,150070
SAB,20170208,209.90,210.87,208.93,209.22,36350
SAB,20170207,208.93,213.79,206.99,209.90,76580
SAB,20170206,213.30,213.30,205.53,208.93,50070
SAB,20170203,211.26,216.60,210.28,210.87,51700
SAB,20170202,217.58,217.58,212.82,212.81,18560
SAB,20170125,215.73,217.48,213.79,217.48,18800
SAB,20170124,213.79,217.67,213.79,215.73,137100
SAB,20170123,217.48,217.48,214.27,215.73,44360
SAB,20170120,216.70,218.74,216.70,217.48,77940
SAB,20170119,218.65,218.65,213.79,217.48,40040
SAB,20170118,209.22,218.65,209.22,217.48,103480
SAB,20170117,202.61,211.26,202.23,210.39,113760
SAB,20170116,205.04,205.04,202.13,203.10,33890
SAB,20170113,204.75,206.20,204.65,205.82,37670
SAB,20170112,206.99,206.99,204.07,204.65,55290
SAB,20170111,198.23,204.06,196.29,204.07,228480
SAB,20170110,201.06,201.06,195.81,198.72,44540
SAB,20170109,200.18,202.12,199.21,199.21,31390
SAB,20170106,192.31,203.97,191.63,200.18,212390
SAB,20170105,191.44,192.41,190.47,191.53,27170
SAB,20170104,191.44,192.99,189.50,191.44,87490
SAB,20170103,192.12,192.12,190.37,191.44,63170
SAB,20161230,192.41,192.41,189.98,192.12,96740
SAB,20161229,192.41,192.41,187.55,191.44,98560
SAB,20161228,194.16,194.16,191.54,193.28,28530
SAB,20161227,191.44,194.16,187.65,192.41,69880
SAB,20161226,192.41,192.41,184.64,191.44,169870
SAB,20161223,194.31,194.31,188.66,191.44,54810
SAB,20161222,200.92,200.92,194.32,194.31,52460
SAB,20161221,188.76,194.79,177.08,192.21,241750
SAB,20161220,201.97,202.45,188.76,188.76,399710
SAB,20161219,202.93,215.37,202.93,202.93,168190
SAB,20161216,216.62,216.62,191.44,215.37,387520
SAB,20161215,202.45,202.45,201.01,202.45,380050
SAB,20161214,189.24,189.24,189.24,189.24,154380
SAB,20161213,176.90,176.90,176.90,176.89,96830
SAB,20161212,165.41,165.41,165.41,165.41,35690
SAB,20161209,144.54,154.59,144.54,154.59,3010
SAB,20161208,144.54,144.54,144.54,144.54,1000
SAB,20161207,135.16,135.16,135.16,135.16,30
SAB,20161206,126.35,126.35,126.35,126.35,3010
