T + 0 (low):
0.9791
0.9883
0.9922
0.9859
0.9897
0.9875
0.9914
0.996290909091
0.9888
0.9861
0.9891
0.9841
0.983608333333
0.9875
0.9873
0.9884
0.9898
0.9804
0.9963
0.995211111111
0.9909
0.9907
0.9859
0.99090625
0.9911
0.9861
0.9852
0.9923
0.9816
0.9917
0.9891
0.9891
0.9901
0.9935
0.9923
0.9911
0.9898
0.9824
0.9872
0.9918
0.9843
0.9836
0.9857
0.9834
0.979711111111
0.9907
0.9875
0.9843
0.9908
0.9927
0.9886
0.994
0.9861
0.984808333333
0.98301
0.9906
0.9866
0.9926
0.9874
0.9874
0.986508333333
0.982
0.993
0.9851
0.9935
0.985588888889
0.9872
0.987
0.9849
0.9924
0.9852
0.9925
0.9846
0.9906
0.9938
0.9717
0.9852
0.9817
0.988
0.983
0.9872
0.989409677419
0.9875
0.992
0.9808
0.99109
0.993
0.9845
0.9905
0.9826
0.9925
0.9871
0.9766
0.9811
0.9884
0.9866
0.9919
0.9862
0.9888
0.9857
T + 3 (up):
1
1
1
1
1
1
1
1
1
1
1
1
0
1
1
0
1
1
1
1
1
1
1
1
1
1
1
1
1
1
1
1
1
1
1
1
1
1
1
1
0
1
1
0
1
1
1
1
1
1
1
1
1
1
1
1
1
1
0
1
1
1
1
1
1
1
1
1
1
1
1
1
1
1
0
1
1
1
1
1
1
1
1
1
1
1
1
1
1
1
1
1
1
1
1
1
1
1
1
1
