T + 0 (low):
0.9925
0.9907
0.9927
0.9869
0.9924
0.9891
0.9949
0.9846
0.9847
0.9869
0.9885
0.9899
0.981
0.9804
0.987
0.9813
0.9903
0.9804
0.9858
0.99
0.9793
0.988
0.9873
0.9886
0.9865
0.9936
0.991
0.9873
0.9868
0.996
0.9857
0.9848
0.9911
0.9875
0.9841
0.9827
0.9894
0.973
0.9768
0.9893
0.9813
0.9893
0.997
0.9777
0.9849
0.994092857143
0.9804
0.9893
0.9846
0.989
0.9963
0.9889
0.9838
0.9889
0.9804
0.9887
0.993
0.9838
0.9887
0.983
0.9869
0.9746
0.9863
0.9918
0.9905
0.9808
0.9718
0.9879
0.9875
0.9827
0.9942
0.9873
0.9861
0.9834
0.9873
0.9834
0.9838
0.9804
0.9799
0.9926
0.98930952381
0.9849
0.98
0.9872
0.9904
0.9918
0.979
0.988
0.9872
0.988
0.9922
0.984
0.9898
0.9904
0.9907
0.9832
0.9852
0.9849
0.9888
0.9798
T + 3 (up):
1
1
1
1
1
1
1
1
1
1
1
1
1
1
1
1
1
1
1
1
1
1
1
1
1
1
1
1
1
1
1
1
1
1
1
1
1
1
1
1
1
1
1
1
1
1
1
1
1
1
1
1
1
1
1
0
1
1
1
1
1
1
1
1
0
1
1
1
1
1
1
1
1
0
0
1
1
1
1
1
1
1
1
1
1
1
1
1
1
1
1
1
1
1
1
1
1
1
1
1
