T + 0 (low):
0.988
0.9851
0.9968
0.9881
0.9788
0.9889
0.9901
0.9795
0.9931
0.9905
0.9859
0.9905
0.9833
0.9955
0.9851
0.9936
0.9898
0.9908
0.9836
0.9907
0.9843
0.9866
0.9875
0.99
0.987
0.9842
0.993
0.9867
0.9885
0.9893
0.985
0.9857
0.988707142857
0.9935
0.9874
0.989
0.9835
0.9921
0.9901
0.9843
0.9922
0.9932
0.9849
0.9862
0.9874
0.9971
0.9842
0.9763
0.9867
0.9905
0.9924
0.9884
0.9827
0.9811
0.9911
0.9846
0.9865
0.9887
0.9968
0.986
0.987
0.9854
0.9845
0.9835
0.9867
0.9841
0.9914
0.9912
0.9822
0.9932
0.994
0.9846
0.9883
0.9864
0.9938
0.9835
0.9872
0.9857
0.9857
0.991
0.992
0.9816
0.990988888889
0.982488888889
0.9905
0.9853
0.9918
0.9837
0.9919
0.9856
0.9846
0.9878
0.9904
0.9842
0.9803
0.9864
0.9876
0.9902
0.9832
0.99
T + 3 (up):
1
1
1
1
1
1
1
1
1
1
1
1
1
1
1
1
1
1
1
1
1
1
1
1
1
0
1
1
1
1
1
1
1
1
1
1
1
0
1
1
1
1
0
1
1
1
1
1
1
1
1
1
1
1
1
1
1
1
1
1
1
1
1
1
1
0
1
1
1
1
1
1
1
1
1
1
1
1
1
1
1
1
1
1
1
1
1
1
1
1
0
1
1
1
1
1
1
1
1
1
