T + 0 (low):
0.9885
0.9777
0.9835
0.9822
0.9832
0.9905
0.9893
0.987890909091
0.9885
0.981
0.9865
0.9862
0.9878
0.994611111111
0.991907692308
0.9859
0.986
0.9839
0.9883
0.9862
0.988911111111
0.9868
0.9738
0.9878
0.9886
0.9815
0.9884
0.9929
0.9855
0.9854
0.9891
0.9842
0.9851
0.989
0.9846
0.985311111111
0.9825
0.9892
0.9889
0.9797
0.9809
0.9819
0.9781
0.9861
0.98460625
0.9898
0.9888
0.9907
0.9793
0.9897
0.994
0.9809
0.9754
0.9861
0.9842
0.9838
0.9859
0.9832
0.9888
0.9897
0.9839
0.99
0.9922
0.9839
0.9907
0.9859
0.983379365079
0.9851
0.9818
0.9755
0.9924
0.9862
0.982
0.986594444444
0.9848
0.9876
0.9914
0.9933
0.9813
0.9789
0.9891
0.9821
0.9844
0.9836
0.9857
0.9806
0.9786
0.9928
0.9892
0.9897
0.9858
0.9741
0.9889
0.9795
0.9804
0.9773
0.9809
0.9823
0.9932
0.991
T + 3 (up):
1
1
1
1
1
1
1
1
1
1
1
1
1
1
1
1
1
1
0
1
1
1
1
1
1
1
1
1
1
1
1
1
1
1
1
1
1
1
1
1
1
1
1
1
1
1
1
1
1
1
1
1
1
1
1
1
1
1
1
1
1
1
1
1
1
1
1
1
1
1
1
1
1
1
1
1
1
1
1
1
1
1
1
1
1
1
1
1
1
1
1
1
1
1
1
1
1
1
1
1
