T + 0 (low):
0.9903
0.9933
0.9904
0.99059
0.9928
0.9792
0.9909
0.9895
0.9869
0.9842
0.993511111111
0.9953
0.9886
0.9897
0.9877
0.9915
0.98961
0.9927
0.9885
0.9891
0.993
0.985092857143
0.9869
0.9909
0.986190909091
0.9933
0.9891
0.9912
0.994790909091
0.99
0.9911
0.9887
0.9909
0.9938
0.9869
0.9832
0.9876
0.9892
0.9898
0.9846
0.9934
0.984
0.983911111111
0.9851
0.993011111111
0.9899
0.9877
0.99389
0.9901
0.9903
0.9908
0.9909
0.9834
0.9914
0.9876
0.9897
0.9908
0.99
0.9905
0.9855
0.9852
0.9905
0.9913
0.9912
0.9873
0.9862
0.987988888889
0.99
0.9938
0.9885
0.9862
0.9916
0.99429
0.9905
0.9931
0.990883006536
0.9896
0.9879
0.9916
0.9886
0.9933
0.988788888889
0.9907
0.9885
0.9912
0.99
0.9905
0.99081
0.9882
0.9901
0.989
0.9924
0.9926
0.9921
0.9878
0.9884
0.9912
0.9889
0.9908
0.9841
T + 3 (up):
1
1
0
1
1
1
1
1
1
1
0
1
1
1
1
1
1
1
1
1
1
1
1
0
1
1
1
1
1
1
1
1
1
1
1
1
1
1
1
1
1
1
1
1
1
1
1
1
1
1
1
1
1
1
1
1
1
1
1
1
1
1
1
1
1
1
1
1
1
1
1
1
1
1
1
1
1
1
1
1
1
1
1
1
1
1
1
1
1
1
1
0
1
1
1
1
1
1
1
1
