T + 0 (low):
0.9942
0.9916
0.9932
0.9914
0.9839
0.9926
0.992805882353
0.9907
0.9864
0.9849
0.9916
0.990007407407
0.9853
0.9896
0.9931
0.9938
0.986
0.9859
0.9886
0.9831
0.9971
0.98700625
0.9809
0.9958
0.9866
0.9879
0.9928
0.983
0.9856
0.9925
0.9806
1.0003
0.9854
0.9927
0.9907
0.9958
0.9895
0.9893
0.984
0.994
0.9944
0.9867
0.9919
0.9959
0.9893
0.9965
0.9874
0.9894
0.9842
0.9929
0.9915
0.9892
0.9868
0.9944
0.9885
0.9865
0.9872
0.9957
0.9939
0.9904
0.9881
0.9943
0.9929
0.9878
0.992
0.993
0.9973
0.991092307692
0.996007142857
0.9885
0.9922
0.9921
0.9925
0.9911
0.9882
0.9926
0.9924
0.9897
0.9865
0.991888888889
0.9862
0.9881
0.9878
0.9826
0.9895
0.9939
0.9953
0.9898
0.992490909091
0.9905
0.9947
0.9898
0.977
0.9869
0.9861
0.9915
0.9865
0.9967
0.9813
0.9852
T + 3 (up):
1
1
1
1
1
1
1
1
1
1
1
1
1
1
1
1
1
1
1
1
1
1
1
1
1
1
1
1
1
1
1
1
1
1
1
1
0
1
1
1
1
1
1
1
0
0
1
1
1
1
1
1
1
1
1
1
1
1
1
1
1
1
1
1
1
1
1
1
1
1
1
1
0
1
1
1
1
1
0
1
1
1
1
1
1
1
1
1
1
1
1
1
0
1
1
1
1
1
1
1
