T + 0 (low):
0.9895
0.9893
0.9787
0.988588888889
0.9853
0.986707692308
0.996
0.9886
0.9915
0.9837
0.9917
0.98771
0.9783
0.984
0.9882
0.9857
0.9875
0.9882
0.9891
0.9812
0.9846
0.985991666667
0.9879
0.982
0.9872
0.9814
0.9851
0.9871
0.9862
0.9865
0.9893
0.9908
0.9895
0.9894
0.9849
0.9907
0.9886
0.9887
0.97611
0.9901
0.9884
0.9911
0.989
0.986
0.9891
0.9853
0.9893
0.9872
0.9762
0.9928
0.9949
0.9831
0.99
0.987
0.9784
0.9868
0.98861
0.9879
0.984
0.9874
0.9849
0.9968
0.983588888889
0.9901
0.987
0.9885
0.9931
0.9914
0.982
0.9966
0.9902
0.984288888889
0.9841
0.9909
0.9959
0.98821
0.9862
0.9916
0.9894
0.986
0.9867
0.9856
0.991688888889
0.9861
0.9896
0.9824
0.9871
0.9927
0.9858
0.9905
0.9843
0.9868
0.9842
0.9891
0.990711111111
0.9959
0.987
0.9884
0.9904
0.9781
T + 3 (up):
1
1
1
1
1
1
1
1
1
1
1
1
1
1
1
1
1
1
1
1
1
1
1
1
1
1
1
1
1
1
1
1
1
1
1
1
1
1
1
1
1
1
1
1
1
1
1
1
1
1
1
1
1
1
1
0
1
1
1
1
1
1
1
1
1
1
1
1
1
1
1
1
1
1
1
1
1
1
1
1
1
1
1
1
1
1
1
1
1
1
1
1
1
1
1
1
1
1
1
1
