<Ticker>,<DTYYYYMMDD>,<Open>,<High>,<Low>,<Close>,<Volume>
VJC,20190702,128.50,128.70,126.90,128.50,609150
VJC,20190701,126.00,127.80,126.00,127.00,780500
VJC,20190628,128.00,128.00,124.20,128.00,977470
VJC,20190627,124.50,124.60,124.00,124.50,663660
VJC,20190626,124.20,124.50,123.80,124.20,690590
VJC,20190625,123.10,124.50,123.00,123.90,655640
VJC,20190624,123.20,123.80,123.20,123.50,628250
VJC,20190621,123.20,123.50,122.40,123.20,559790
VJC,20190620,119.60,123.50,119.50,123.30,738760
VJC,20190619,119.50,119.80,118.30,119.50,474540
VJC,20190618,119.90,120.40,118.00,118.00,358970
VJC,20190617,119.50,120.40,119.00,119.90,568680
VJC,20190614,121.10,123.00,121.10,121.70,484660
VJC,20190613,123.40,123.40,121.10,121.60,455860
VJC,20190612,124.00,124.10,122.50,123.50,444310
VJC,20190611,123.60,124.20,122.80,124.00,480010
VJC,20190610,122.60,124.80,122.50,124.00,644970
VJC,20190607,121.50,122.20,121.50,122.20,534680
VJC,20190606,121.30,121.40,119.40,121.40,584270
VJC,20190605,121.80,121.90,120.80,121.40,530380
VJC,20190604,122.00,122.60,120.00,121.30,558310
VJC,20190603,124.00,124.00,121.90,122.00,631510
VJC,20190531,124.00,125.00,123.60,124.50,714840
VJC,20190530,123.00,124.20,122.00,124.20,413490
VJC,20190529,124.50,124.50,122.80,123.50,443520
VJC,20190528,120.50,125.00,120.40,125.00,1298700
VJC,20190527,120.50,121.00,119.90,120.50,423350
VJC,20190524,118.80,120.40,118.50,119.90,898900
VJC,20190523,119.50,119.70,118.60,119.40,639060
VJC,20190522,119.00,120.10,118.50,119.50,707930
VJC,20190521,118.40,118.90,118.40,118.80,613310
VJC,20190520,117.90,118.90,117.60,118.30,900890
VJC,20190517,118.00,118.00,117.00,117.90,631990
VJC,20190516,118.00,118.80,117.80,118.00,744920
VJC,20190515,117.00,118.20,117.00,118.00,820490
VJC,20190514,116.00,116.80,115.70,116.80,653650
VJC,20190513,115.30,116.00,115.00,116.00,616000
VJC,20190510,115.50,115.90,114.00,115.40,560410
VJC,20190509,115.50,115.90,114.60,115.50,545570
VJC,20190508,116.00,116.50,114.70,115.50,704440
VJC,20190507,117.50,117.90,116.00,117.00,468670
VJC,20190506,117.50,117.70,116.40,117.30,846420
VJC,20190503,118.30,118.60,117.80,118.50,868540
VJC,20190502,116.50,118.50,116.00,118.50,1077940
VJC,20190426,114.50,115.90,114.20,115.90,575360
VJC,20190425,114.50,115.60,113.90,115.20,670050
VJC,20190424,114.40,114.50,113.40,114.50,401640
VJC,20190423,114.10,114.60,113.40,114.40,431630
VJC,20190422,114.00,114.59,113.70,113.90,448080
VJC,20190419,114.00,114.70,113.60,113.90,568360
VJC,20190418,112.51,114.99,112.31,113.01,995140
VJC,20190417,112.41,112.51,111.32,112.51,565610
VJC,20190416,111.42,112.31,110.72,112.31,619310
VJC,20190412,112.12,113.01,111.52,112.21,876490
VJC,20190411,112.51,114.00,112.02,112.91,1106190
VJC,20190410,112.21,112.21,110.03,111.92,1003980
VJC,20190409,109.54,113.01,106.37,111.52,1595160
VJC,20190408,111.82,112.22,109.44,109.54,621740
VJC,20190405,112.21,112.71,111.42,111.82,522350
VJC,20190404,113.01,113.70,111.82,112.21,451040
VJC,20190403,113.70,113.90,111.62,112.91,761320
VJC,20190402,113.50,114.99,113.50,113.70,504360
VJC,20190401,115.38,115.78,113.10,113.70,959500
VJC,20190329,116.38,116.58,114.89,115.48,944370
VJC,20190328,116.97,117.17,115.49,116.18,620430
VJC,20190327,116.97,117.47,116.47,117.27,459010
VJC,20190326,117.37,118.06,116.77,116.97,459670
VJC,20190325,116.97,117.36,115.88,116.97,815680
VJC,20190322,117.57,118.06,116.78,117.86,481800
VJC,20190321,118.75,118.85,117.16,117.47,660960
VJC,20190320,118.75,118.75,117.06,118.75,592830
VJC,20190319,118.85,119.05,117.96,118.75,809590
VJC,20190318,117.96,118.75,117.76,118.75,660300
VJC,20190315,117.27,118.06,117.27,117.96,598760
VJC,20190314,118.75,118.75,116.77,117.37,1156440
VJC,20190313,119.15,119.65,117.47,118.75,1223310
VJC,20190312,120.34,120.64,118.85,119.45,1048390
VJC,20190311,119.45,120.54,118.96,120.24,794310
VJC,20190308,119.45,119.94,118.46,119.65,1002300
VJC,20190307,119.94,120.53,119.84,120.34,1014890
VJC,20190306,118.95,119.94,118.95,119.94,939310
VJC,20190305,119.55,119.65,118.46,118.95,1074790
VJC,20190304,119.45,120.14,118.65,119.85,990660
VJC,20190301,118.06,118.95,115.98,118.95,1125320
VJC,20190228,121.93,122.03,117.96,117.96,1629860
VJC,20190227,122.52,122.52,120.93,121.63,1333370
VJC,20190226,123.91,123.91,122.02,122.52,932940
VJC,20190225,121.43,123.41,121.43,123.41,1125900
VJC,20190222,117.96,122.02,117.96,120.44,1145220
VJC,20190221,118.55,118.65,116.47,117.96,1065070
VJC,20190220,119.75,119.75,117.97,118.75,537530
VJC,20190219,119.55,121.83,119.45,119.75,902500
VJC,20190218,120.24,120.44,118.85,119.45,713710
VJC,20190215,122.32,122.32,119.54,120.24,553820
VJC,20190214,123.51,123.51,121.92,122.32,473820
VJC,20190213,124.11,124.50,123.11,123.41,643080
VJC,20190212,124.90,125.49,123.81,124.80,721400
VJC,20190211,124.31,125.00,123.91,124.80,359160
VJC,20190201,122.42,123.91,122.32,123.91,797560
VJC,20190131,122.13,122.63,121.14,122.42,455960
VJC,20190130,120.64,122.72,120.64,122.13,646990
VJC,20190129,121.43,121.83,119.65,120.64,280160
VJC,20190128,121.73,122.52,120.44,121.43,305350
VJC,20190125,117.37,121.43,117.37,121.43,778640
VJC,20190124,114.99,117.36,114.99,116.97,721190
VJC,20190123,114.00,114.79,113.90,114.49,398030
VJC,20190122,114.50,114.79,113.80,114.00,351870
VJC,20190121,113.51,114.60,113.51,114.20,294150
VJC,20190118,114.69,114.79,113.30,114.20,489080
VJC,20190117,114.99,114.99,113.50,114.49,614570
VJC,20190116,115.98,116.28,114.00,114.99,638280
VJC,20190115,116.58,116.88,115.29,116.18,514390
VJC,20190114,116.38,117.86,115.78,116.48,487330
VJC,20190111,114.00,117.37,114.00,115.98,799230
VJC,20190110,114.50,114.50,113.80,114.00,381340
VJC,20190109,114.00,114.99,113.60,114.00,554850
VJC,20190108,115.29,115.29,113.50,114.00,226650
VJC,20190107,115.29,115.39,112.12,114.99,637590
VJC,20190104,114.00,115.29,112.32,114.00,882080
VJC,20190103,115.98,116.48,114.00,115.19,579590
VJC,20190102,118.95,120.24,114.98,115.98,509920
VJC,20181228,117.96,120.44,117.26,118.95,594960
VJC,20181227,121.93,122.33,118.76,118.95,627250
VJC,20181226,120.94,121.93,118.96,120.94,304700
VJC,20181225,121.93,121.93,119.95,120.84,372990
VJC,20181224,123.12,123.52,122.92,123.22,237590
VJC,20181221,123.12,123.91,121.83,123.12,388100
VJC,20181220,123.91,124.11,122.92,123.12,403570
VJC,20181219,123.81,124.50,123.71,123.91,440150
VJC,20181218,123.91,124.81,122.13,123.81,612150
VJC,20181217,126.98,127.38,124.40,125.40,462490
VJC,20181214,128.17,128.77,126.88,126.88,402510
VJC,20181213,129.36,130.15,128.07,128.37,479680
VJC,20181212,127.98,129.56,127.78,129.06,560950
VJC,20181211,128.77,129.86,127.38,127.68,558320
VJC,20181210,131.25,131.25,128.77,128.77,595660
VJC,20181207,131.05,132.73,130.75,131.25,588100
VJC,20181206,129.85,131.84,129.85,130.75,530060
VJC,20181205,131.24,131.24,130.25,130.25,554870
VJC,20181204,130.85,132.34,130.55,131.74,517240
VJC,20181203,130.65,131.35,129.96,130.85,618450
VJC,20181130,130.35,130.84,128.76,129.86,602920
VJC,20181129,129.86,132.63,129.76,131.34,1147260
VJC,20181128,125.89,128.66,125.69,128.37,888250
VJC,20181127,126.68,126.88,125.49,125.59,392350
VJC,20181126,126.09,126.39,125.69,125.89,373680
VJC,20181123,127.38,127.38,125.79,125.89,334130
VJC,20181122,126.88,127.47,126.68,126.98,589220
VJC,20181121,127.87,127.87,126.38,126.88,391290
VJC,20181120,127.38,129.26,127.28,127.87,528220
VJC,20181119,127.08,127.87,126.78,127.28,501830
VJC,20181116,127.28,128.37,125.60,126.78,488140
VJC,20181115,126.49,128.37,125.70,126.59,532230
VJC,20181114,127.08,128.76,126.38,126.39,442760
VJC,20181113,127.87,128.37,126.38,126.88,341190
VJC,20181112,129.76,129.76,127.78,128.07,457730
VJC,20181109,132.44,132.83,129.17,129.76,491980
VJC,20181108,131.54,132.83,131.35,132.14,622400
VJC,20181107,132.93,134.71,129.16,130.85,639140
VJC,20181106,134.82,136.30,132.83,132.83,531390
VJC,20181105,134.32,134.62,133.23,134.42,604090
VJC,20181102,132.83,134.41,132.83,134.32,840820
VJC,20181101,133.32,134.41,132.43,132.63,946500
VJC,20181031,125.89,132.53,125.59,132.53,1064990
VJC,20181030,123.81,125.40,123.41,124.90,530390
VJC,20181029,123.71,124.11,122.42,123.71,474250
VJC,20181026,126.39,126.88,123.51,123.71,422490
VJC,20181025,121.92,125.89,120.04,124.90,615660
VJC,20181024,126.19,126.88,125.00,125.69,454880
VJC,20181023,127.37,127.97,125.59,125.89,668320
VJC,20181022,131.84,131.84,126.59,127.87,1371200
VJC,20181019,134.32,134.32,130.85,130.85,924610
VJC,20181018,137.99,138.49,134.82,135.31,653560
VJC,20181017,136.69,138.08,136.30,137.99,850710
VJC,20181016,138.19,138.78,135.61,135.80,817220
VJC,20181015,139.77,140.76,136.80,137.99,367010
VJC,20181012,139.57,139.77,137.29,139.77,733920
VJC,20181011,140.77,142.65,133.83,139.57,591640
VJC,20181010,141.95,143.73,141.95,143.74,748570
VJC,20181009,139.77,142.05,139.77,141.75,586610
VJC,20181008,141.85,142.15,139.37,139.37,658020
VJC,20181005,142.25,142.25,141.16,141.85,604170
VJC,20181004,143.74,143.74,141.26,142.35,837900
VJC,20181003,144.53,144.73,143.15,143.54,697070
VJC,20181002,146.70,146.70,142.74,143.74,1375300
VJC,20181001,150.28,150.48,146.21,147.20,1238340
VJC,20180928,151.27,152.16,149.49,150.18,1157560
VJC,20180927,151.17,152.36,149.58,151.27,1222140
VJC,20180926,150.67,150.87,149.68,150.87,1188410
VJC,20180925,150.87,151.17,149.38,150.77,1011010
VJC,20180924,148.20,151.07,148.10,150.77,1029500
VJC,20180921,148.70,149.19,146.71,148.10,466240
VJC,20180920,148.40,148.50,147.21,148.30,526160
VJC,20180919,148.20,148.49,147.21,148.10,386640
VJC,20180918,144.73,147.90,144.53,147.90,808380
VJC,20180917,147.80,148.20,144.73,145.72,467680
VJC,20180914,147.11,148.30,146.91,147.70,346600
VJC,20180913,148.89,148.89,146.71,146.71,403560
VJC,20180912,149.29,150.18,147.90,148.69,480160
VJC,20180911,146.31,149.18,146.31,149.19,525660
VJC,20180910,146.51,146.90,145.71,146.11,320600
VJC,20180907,145.72,146.91,145.52,146.21,360100
VJC,20180906,148.20,149.09,143.74,145.72,562370
VJC,20180905,146.21,148.69,145.72,148.20,949760
VJC,20180904,152.50,152.99,141.84,141.85,524240
VJC,20180831,153.58,154.46,152.01,152.50,1061020
VJC,20180830,151.53,153.39,150.75,153.38,1074030
VJC,20180829,152.01,152.50,150.74,151.92,607750
VJC,20180828,149.57,152.31,149.47,151.72,1151770
VJC,20180827,149.28,149.77,148.60,149.57,1087390
VJC,20180824,147.82,148.99,147.13,148.40,591390
VJC,20180823,148.50,149.09,147.13,147.62,643710
VJC,20180822,149.57,150.55,147.51,148.50,597400
VJC,20180821,147.62,149.09,147.13,148.59,547170
VJC,20180820,147.62,148.50,145.66,147.62,521820
VJC,20180817,146.44,148.49,146.24,147.62,518380
VJC,20180816,145.66,145.66,140.77,145.56,774200
VJC,20180815,151.04,151.04,144.68,145.66,682950
VJC,20180814,150.55,151.53,148.01,150.94,804390
VJC,20180813,148.98,151.81,148.10,150.55,774760
VJC,20180810,146.83,149.08,145.66,148.98,640740
VJC,20180809,144.68,147.51,144.68,146.83,819990
VJC,20180808,143.71,145.47,143.32,144.19,514700
VJC,20180807,144.39,144.49,142.93,143.61,496310
VJC,20180806,144.68,145.17,143.21,144.59,419070
VJC,20180803,143.71,145.66,141.95,144.68,1113820
VJC,20180802,139.80,142.73,137.55,142.73,914610
VJC,20180801,141.16,141.75,138.23,139.80,594010
VJC,20180731,139.30,142.24,138.82,141.16,878870
VJC,20180730,134.91,141.26,134.52,141.26,1590960
VJC,20180727,134.91,134.91,132.66,134.42,634770
VJC,20180726,133.93,134.42,130.41,133.83,743270
VJC,20180725,134.91,135.89,130.71,132.95,613650
VJC,20180724,137.35,137.74,131.97,134.52,736570
VJC,20180723,133.93,136.86,132.95,136.86,824950
VJC,20180720,137.35,139.69,128.06,128.06,714380
VJC,20180719,132.86,140.19,132.47,136.86,1193840
VJC,20180718,130.51,131.49,130.02,131.49,999370
VJC,20180717,129.04,129.24,127.38,129.14,393240
VJC,20180716,129.53,130.80,127.77,129.04,421900
VJC,20180713,128.07,128.56,125.72,128.06,356980
VJC,20180712,127.87,128.94,125.13,127.48,352960
VJC,20180711,128.95,128.95,125.13,127.77,402490
VJC,20180710,127.78,131.49,126.60,130.51,717010
VJC,20180709,130.02,131.29,125.91,127.58,413180
VJC,20180706,127.09,130.51,124.16,129.92,502440
VJC,20180705,128.55,133.14,123.17,126.60,531600
VJC,20180704,129.04,130.02,125.13,128.06,394580
VJC,20180703,135.89,136.57,129.05,130.02,339540
VJC,20180702,138.62,138.82,135.30,135.89,254710
VJC,20180629,136.87,140.00,136.39,138.62,465340
VJC,20180628,139.31,139.31,135.23,135.31,475360
VJC,20180627,140.85,140.85,138.98,138.98,347200
VJC,20180626,139.31,140.94,137.68,140.85,241050
VJC,20180625,142.81,143.78,140.20,140.94,349460
VJC,20180622,141.75,144.20,138.90,142.48,563210
VJC,20180621,138.49,145.01,134.50,141.02,391470
VJC,20180620,130.35,138.50,127.91,138.49,808530
VJC,20180619,134.42,134.42,126.19,130.35,594620
VJC,20180618,141.75,142.49,131.98,134.42,477110
VJC,20180615,142.49,143.30,140.13,140.94,451400
VJC,20180614,142.64,146.23,142.56,142.57,419150
VJC,20180613,145.82,148.67,145.41,146.39,378700
VJC,20180612,149.09,149.74,139.96,145.82,622950
VJC,20180611,145.82,152.34,143.38,149.90,635790
VJC,20180608,145.90,146.23,144.60,145.82,592360
VJC,20180607,142.24,147.86,142.24,145.82,718930
VJC,20180606,138.50,142.24,136.87,142.24,359580
VJC,20180605,140.94,144.61,138.90,140.94,493730
VJC,20180604,134.41,138.73,132.79,138.74,374270
VJC,20180601,123.01,129.69,123.01,129.69,538240
VJC,20180531,122.19,123.01,119.83,121.22,543160
VJC,20180530,123.02,123.83,116.74,119.75,439930
VJC,20180529,112.83,127.91,112.83,123.83,754060
VJC,20180528,124.64,127.90,120.90,120.90,361800
VJC,20180525,139.71,139.71,129.93,129.94,813960
VJC,20180524,145.82,146.56,137.68,139.71,621940
VJC,20180523,144.11,145.01,140.61,145.01,585560
VJC,20180522,142.57,149.00,140.53,144.11,592970
VJC,20180521,156.01,157.23,149.25,149.90,413480
VJC,20180518,152.35,157.23,142.49,154.79,977940
VJC,20180517,158.86,158.86,151.29,153.16,576390
VJC,20180516,160.33,160.41,157.31,158.70,310720
VJC,20180515,158.05,161.22,157.23,160.49,608830
VJC,20180514,155.60,157.23,154.37,156.58,567850
VJC,20180511,155.69,155.69,150.72,154.70,340050
VJC,20180510,158.86,160.90,153.16,156.50,864480
VJC,20180509,153.15,162.11,151.19,158.21,584740
VJC,20180508,148.69,153.87,148.44,152.25,667910
VJC,20180507,145.04,148.28,143.01,148.28,727630
VJC,20180504,146.66,148.20,140.99,143.42,507250
VJC,20180503,145.53,145.53,137.67,140.18,598900
VJC,20180502,151.93,152.33,145.52,145.53,944470
VJC,20180427,153.95,153.95,148.28,151.52,513380
VJC,20180426,158.82,159.63,147.23,155.57,854670
VJC,20180424,160.12,161.25,148.53,158.01,1019230
VJC,20180423,160.43,166.83,159.62,159.63,831900
VJC,20180420,159.63,162.30,157.20,158.57,862320
VJC,20180419,170.16,170.97,159.63,159.63,1016210
VJC,20180418,170.97,171.38,168.94,170.00,603200
VJC,20180417,171.62,173.00,170.16,170.16,484220
VJC,20180416,171.78,172.75,170.73,171.62,375480
VJC,20180413,170.97,173.00,170.57,171.62,597990
VJC,20180412,171.78,173.40,168.54,170.16,737770
VJC,20180411,176.64,176.64,163.59,172.59,1127450
VJC,20180410,176.96,178.26,174.61,175.83,960130
VJC,20180409,178.26,179.31,174.78,176.64,1170690
VJC,20180406,177.05,179.07,174.29,176.64,1138030
VJC,20180405,179.07,180.61,175.83,176.64,916470
VJC,20180404,182.72,183.93,179.07,179.07,935260
VJC,20180403,184.83,185.48,179.89,182.31,863160
VJC,20180402,181.66,185.88,181.66,184.83,620070
VJC,20180330,179.88,182.72,179.80,181.42,721770
VJC,20180329,182.31,182.96,179.47,179.88,566610
VJC,20180328,179.88,182.88,178.66,182.31,630320
VJC,20180327,178.26,180.45,177.86,179.88,785100
VJC,20180326,169.35,176.64,169.35,176.56,1686310
VJC,20180323,164.49,168.86,164.49,168.86,554530
VJC,20180322,165.22,169.84,165.22,169.27,1005970
VJC,20180321,166.11,166.52,164.49,164.49,916790
VJC,20180320,167.72,168.54,165.29,166.03,840590
VJC,20180319,166.52,169.27,165.87,168.13,909580
VJC,20180316,166.75,167.73,165.21,165.30,796950
VJC,20180315,167.32,168.54,165.38,166.51,594820
VJC,20180314,167.73,168.95,164.49,167.32,1047430
VJC,20180313,170.08,170.57,162.87,166.92,931120
VJC,20180312,169.35,171.70,169.35,170.08,544480
VJC,20180309,169.76,172.19,169.35,169.35,692510
VJC,20180308,168.45,170.97,166.51,169.35,703940
VJC,20180307,170.00,170.97,166.92,168.13,459640
VJC,20180306,165.30,170.00,164.49,170.00,686330
VJC,20180305,163.68,172.59,163.68,164.49,1197870
VJC,20180302,161.65,164.24,160.11,163.68,593610
VJC,20180301,161.25,165.22,160.03,162.46,639280
VJC,20180228,162.14,162.87,160.11,162.06,500780
VJC,20180227,158.17,165.06,158.17,162.87,1123280
VJC,20180226,158.17,160.44,157.69,158.09,920690
VJC,20180223,158.01,158.98,156.15,158.01,748690
VJC,20180222,161.25,161.25,155.66,158.01,655290
VJC,20180221,161.41,163.60,161.09,161.25,837950
VJC,20180213,159.62,161.97,158.00,161.25,1883320
VJC,20180212,150.71,159.54,150.71,159.54,1243970
VJC,20180209,143.42,149.90,139.77,149.90,741110
VJC,20180208,149.33,153.95,145.85,149.09,437070
VJC,20180207,140.99,149.17,140.99,149.17,1148220
VJC,20180206,139.45,139.45,139.45,139.45,1108080
VJC,20180205,153.14,157.19,149.90,149.90,697110
VJC,20180202,154.76,158.41,152.09,157.60,1489490
VJC,20180201,153.95,156.79,153.95,155.57,971750
VJC,20180131,158.01,158.42,155.42,156.38,990200
VJC,20180130,153.55,158.01,148.36,158.01,1871290
VJC,20180129,153.14,160.43,149.90,153.55,1897530
VJC,20180126,172.91,172.91,150.47,153.95,2152820
VJC,20180125,161.65,161.65,161.65,161.65,530560
VJC,20180122,143.27,151.13,142.86,151.12,570120
VJC,20180119,132.29,141.23,132.21,141.24,1812660
VJC,20180118,126.57,132.05,126.57,132.05,1298160
VJC,20180117,130.28,132.38,127.38,128.91,1155210
VJC,20180116,129.64,131.73,129.32,130.12,1099830
VJC,20180115,125.28,129.71,124.07,129.64,1292970
VJC,20180112,123.76,125.29,122.71,125.28,1191440
VJC,20180111,118.51,123.99,118.43,124.00,1699720
VJC,20180110,118.84,119.16,117.79,118.11,714190
VJC,20180109,119.73,119.89,116.83,118.84,1143400
VJC,20180108,119.97,120.13,119.00,119.65,736320
VJC,20180105,120.05,120.29,119.08,119.97,873240
VJC,20180104,119.24,120.21,118.67,119.97,920310
VJC,20180103,118.92,119.73,117.95,119.48,1513290
VJC,20180102,118.20,120.37,118.20,118.84,980460
VJC,20171229,116.83,118.68,116.83,118.28,1174600
VJC,20171228,114.81,117.07,114.65,116.83,1203930
VJC,20171227,115.21,115.29,114.40,114.81,873650
VJC,20171226,113.76,115.53,113.60,115.21,977150
VJC,20171225,112.15,114.73,112.15,113.60,721610
VJC,20171222,112.64,113.37,110.38,112.15,972310
VJC,20171221,113.60,115.05,112.39,112.64,1071190
VJC,20171220,115.54,115.86,114.01,114.97,880160
VJC,20171219,113.60,115.78,111.99,115.54,1292820
VJC,20171218,112.31,114.33,112.23,113.60,1056920
VJC,20171215,106.75,111.99,106.75,111.99,1495840
VJC,20171214,107.88,108.12,106.75,107.48,789290
VJC,20171213,107.72,108.61,107.16,107.88,696280
VJC,20171212,107.24,108.13,103.54,107.48,947520
VJC,20171211,103.94,108.29,103.94,106.92,840620
VJC,20171208,102.88,104.74,102.16,104.18,885970
VJC,20171207,104.74,105.71,101.11,102.32,1308260
VJC,20171206,105.14,106.11,100.71,104.74,1451310
VJC,20171205,109.17,109.65,104.74,104.74,1657830
VJC,20171204,108.93,109.42,108.45,109.33,897190
VJC,20171201,109.01,109.17,107.56,108.69,1000500
VJC,20171130,108.77,111.11,108.77,108.77,1377580
VJC,20171129,107.88,109.01,107.23,108.45,1030450
VJC,20171128,104.10,106.84,103.78,106.83,1781670
VJC,20171127,104.02,104.66,102.89,104.18,1181500
VJC,20171124,104.74,105.14,103.13,104.34,1088920
VJC,20171123,101.52,105.47,99.91,104.66,1536830
VJC,20171122,99.99,101.84,99.99,101.52,993620
VJC,20171121,97.41,100.31,97.41,99.91,1914190
VJC,20171120,97.25,97.57,96.69,97.33,741040
VJC,20171117,97.09,97.73,95.88,97.09,1129950
VJC,20171116,95.07,97.49,95.07,97.09,1114240
VJC,20171115,95.88,96.36,95.07,95.07,1014950
VJC,20171114,94.11,96.44,93.14,95.07,1860900
VJC,20171113,94.67,94.91,93.70,94.35,1404700
VJC,20171110,94.99,95.32,94.43,94.99,1195570
VJC,20171109,93.22,95.31,93.22,94.43,1522300
VJC,20171108,91.53,94.19,91.53,93.62,2318320
VJC,20171107,91.21,91.69,90.89,91.45,871000
VJC,20171106,91.37,92.26,90.89,91.45,873460
VJC,20171103,90.08,91.45,89.27,91.37,847640
VJC,20171102,90.88,92.66,89.84,90.08,1135110
VJC,20171101,90.64,91.77,90.24,91.61,869490
VJC,20171031,91.85,92.25,90.32,90.88,519280
VJC,20171030,91.85,92.73,90.80,92.25,1058430
VJC,20171027,88.38,91.12,88.38,91.12,2163450
VJC,20171026,88.38,88.62,87.82,88.22,784480
VJC,20171025,88.22,88.55,87.09,88.22,564720
VJC,20171024,87.42,88.38,87.18,87.82,477240
VJC,20171023,89.67,89.75,87.82,87.82,728700
VJC,20171020,89.99,90.80,89.27,89.67,756360
VJC,20171019,89.67,90.48,89.19,89.59,764160
VJC,20171018,90.16,91.28,89.43,89.51,1294640
VJC,20171017,89.43,90.40,89.03,89.43,636220
VJC,20171016,87.33,89.67,87.17,89.51,1313370
VJC,20171013,87.25,87.41,86.85,87.01,549900
VJC,20171012,84.68,87.66,84.12,86.93,1771470
VJC,20171011,84.60,85.00,83.87,84.68,817170
VJC,20171010,85.97,85.97,84.35,84.60,968770
VJC,20171009,85.16,86.05,83.95,85.24,872200
VJC,20171006,84.60,85.08,84.19,84.84,420930
VJC,20171005,85.00,85.57,84.20,84.92,715080
VJC,20171004,84.59,85.24,83.79,84.60,760210
VJC,20171003,85.40,86.77,83.79,84.11,483790
VJC,20171002,87.42,87.82,85.97,86.69,689450
VJC,20170929,87.41,88.06,86.61,87.18,661960
VJC,20170928,86.45,88.14,86.21,86.93,582800
VJC,20170927,85.80,86.37,84.60,86.21,730420
VJC,20170926,88.22,88.22,85.96,86.61,626990
VJC,20170925,84.60,89.11,84.60,88.14,1020440
VJC,20170922,79.46,84.38,79.38,84.36,1501950
VJC,20170921,79.42,79.71,78.78,78.90,494270
VJC,20170920,78.84,79.18,78.61,78.90,555060
VJC,20170919,78.61,78.90,78.44,78.55,591800
VJC,20170918,79.88,79.88,78.67,78.90,690620
VJC,20170915,80.00,80.46,79.25,79.25,499750
VJC,20170914,77.69,79.42,77.58,79.25,927040
VJC,20170913,77.35,77.35,76.83,77.29,703600
VJC,20170912,77.12,77.35,76.77,76.83,532340
VJC,20170911,75.39,77.64,75.05,76.83,758160
VJC,20170908,75.11,75.28,74.24,74.99,359290
VJC,20170907,75.33,75.56,74.75,74.99,444640
VJC,20170906,75.33,75.45,74.99,75.27,363650
VJC,20170905,75.91,75.91,74.81,75.16,648500
VJC,20170901,72.22,73.37,72.22,73.26,511500
VJC,20170831,71.88,71.99,71.53,71.82,378560
VJC,20170830,71.65,71.94,71.25,71.76,272460
VJC,20170829,69.06,71.76,69.06,71.65,315850
VJC,20170828,71.88,71.94,71.65,71.88,243790
VJC,20170825,71.94,71.99,71.65,71.88,264360
VJC,20170824,71.36,71.93,71.24,71.59,349560
VJC,20170823,71.24,71.36,71.07,71.30,419780
VJC,20170822,71.07,71.30,71.01,71.07,326570
VJC,20170821,71.25,71.25,70.96,71.07,282290
VJC,20170818,70.62,70.79,69.93,70.79,303490
VJC,20170817,71.19,71.19,70.56,70.56,308670
VJC,20170816,70.78,71.30,70.78,71.19,302220
VJC,20170815,71.54,71.59,71.19,71.36,284780
VJC,20170814,71.59,71.82,71.30,71.42,250460
VJC,20170811,71.36,71.82,71.30,71.42,245250
VJC,20170810,71.07,71.65,71.07,71.36,305130
VJC,20170809,71.82,71.82,71.07,71.07,292800
VJC,20170808,71.48,72.00,71.48,71.76,317700
VJC,20170807,71.82,72.17,71.42,71.88,307930
VJC,20170804,71.94,72.17,71.48,71.88,395560
VJC,20170803,71.94,72.23,71.36,71.94,339110
VJC,20170802,71.76,72.05,71.36,71.94,286260
VJC,20170801,71.59,71.82,71.24,71.76,431080
VJC,20170731,71.53,71.82,70.84,71.59,380240
VJC,20170728,71.36,71.88,71.36,71.53,278820
VJC,20170727,71.64,71.93,70.96,71.48,332120
VJC,20170726,71.36,71.36,71.08,71.36,321700
VJC,20170725,71.76,71.87,70.51,71.36,355920
VJC,20170724,71.25,71.54,70.29,71.19,286290
VJC,20170721,71.36,72.38,70.63,70.97,318860
VJC,20170720,72.83,73.00,71.76,71.93,309660
VJC,20170719,72.50,73.07,72.33,72.72,419060
VJC,20170718,71.93,72.44,71.87,72.33,353040
VJC,20170717,71.93,72.15,71.53,71.93,330980
VJC,20170714,71.87,71.87,71.65,71.87,347800
VJC,20170713,72.50,72.50,71.37,71.93,416390
VJC,20170712,71.36,71.36,71.02,71.31,329150
VJC,20170711,71.25,71.25,70.51,71.02,357210
VJC,20170710,71.14,71.25,70.74,71.08,362320
VJC,20170707,71.20,71.20,70.80,71.14,341050
VJC,20170706,71.53,71.53,70.91,71.14,336670
VJC,20170705,71.25,71.36,70.63,70.91,426320
VJC,20170704,71.30,71.30,70.45,70.74,332550
VJC,20170703,71.19,71.19,70.62,71.19,454070
VJC,20170630,71.87,71.87,70.68,71.53,350710
VJC,20170629,70.68,71.53,70.23,71.53,438090
VJC,20170628,71.31,71.37,70.57,70.68,319150
VJC,20170627,71.36,71.36,70.79,70.80,389390
VJC,20170626,71.59,71.93,71.13,71.36,323890
VJC,20170623,70.40,71.36,70.34,71.36,372950
VJC,20170622,70.85,71.08,70.11,70.23,356330
VJC,20170621,71.76,71.76,70.80,70.85,475110
VJC,20170620,71.64,71.76,71.36,71.65,379170
VJC,20170619,72.50,72.50,71.65,71.87,272510
VJC,20170616,73.52,73.52,71.71,71.93,313250
VJC,20170615,72.67,72.67,71.65,71.65,283740
VJC,20170614,72.38,72.44,71.93,71.93,435260
VJC,20170613,72.44,72.44,71.70,72.27,281730
VJC,20170612,72.33,72.67,71.53,71.93,245880
VJC,20170609,72.89,72.89,71.65,71.93,339470
VJC,20170608,73.34,73.46,72.44,72.44,357620
VJC,20170607,73.69,73.92,71.93,72.21,426910
VJC,20170606,73.63,74.20,73.52,73.69,344530
VJC,20170605,74.20,74.20,73.35,73.63,312740
VJC,20170602,74.20,75.27,73.97,74.20,510930
VJC,20170601,72.38,73.63,72.27,73.63,312300
VJC,20170531,72.15,72.38,72.04,72.38,291420
VJC,20170530,72.38,72.38,71.93,72.21,232230
VJC,20170529,71.65,72.39,71.65,72.38,233250
VJC,20170526,71.42,71.93,71.42,71.82,303420
VJC,20170525,71.93,71.99,71.14,71.36,291450
VJC,20170524,72.38,72.38,71.87,71.93,274860
VJC,20170523,71.93,72.66,71.93,72.38,270840
VJC,20170522,71.64,73.06,71.64,72.72,239240
VJC,20170519,71.93,72.38,71.59,72.38,347600
VJC,20170518,72.50,72.50,71.59,71.93,233910
VJC,20170517,72.61,72.90,71.59,72.50,361550
VJC,20170516,72.78,72.78,71.93,72.50,381790
VJC,20170515,73.06,73.57,72.50,72.78,342370
VJC,20170512,73.63,74.09,73.35,73.63,329590
VJC,20170511,73.74,74.08,73.46,73.86,425720
VJC,20170510,72.95,73.91,72.72,73.91,421080
VJC,20170509,73.06,73.34,72.49,72.95,292990
VJC,20170508,73.01,73.01,72.50,72.83,244970
VJC,20170505,73.17,73.17,72.22,72.95,234430
VJC,20170504,71.88,73.06,71.88,73.06,251660
VJC,20170503,72.33,72.33,71.71,71.88,244220
VJC,20170428,72.72,72.72,71.65,71.77,225640
VJC,20170427,73.62,73.62,71.99,71.99,229050
VJC,20170426,71.93,72.66,71.93,72.61,204330
VJC,20170425,72.72,72.72,71.65,71.93,212370
VJC,20170424,73.85,74.07,72.73,72.72,229020
VJC,20170421,74.13,74.13,73.45,73.85,218910
VJC,20170420,73.85,74.07,72.78,73.96,313760
VJC,20170419,72.50,73.91,71.88,73.85,255600
VJC,20170418,73.11,74.07,71.93,72.50,263970
VJC,20170417,73.90,75.20,73.06,74.01,227200
VJC,20170414,75.48,75.53,73.62,74.86,335130
VJC,20170413,75.30,75.53,75.19,75.42,278260
VJC,20170412,73.68,75.64,73.68,75.36,458390
VJC,20170411,73.62,74.18,73.57,74.07,206460
VJC,20170410,72.55,73.90,72.44,73.51,765530
VJC,20170407,72.55,72.61,72.33,72.55,350370
VJC,20170405,71.54,73.11,71.09,72.33,596140
VJC,20170404,72.50,73.00,70.87,71.93,459220
VJC,20170403,71.93,72.78,70.70,70.70,282490
VJC,20170331,73.00,73.00,71.93,71.99,318710
VJC,20170330,74.18,74.18,71.93,71.93,363980
VJC,20170329,74.12,74.12,73.05,74.01,426200
VJC,20170328,73.62,75.14,73.06,73.56,475680
VJC,20170327,72.21,73.62,72.21,73.00,454930
VJC,20170324,71.37,72.44,71.37,71.93,557630
VJC,20170323,70.25,71.66,70.08,70.81,402040
VJC,20170322,70.25,70.75,69.35,70.25,380360
VJC,20170321,70.64,72.94,70.47,70.47,348100
VJC,20170320,67.43,70.64,66.59,70.64,307470
VJC,20170317,64.96,68.00,63.50,66.03,496260
VJC,20170316,68.28,68.56,65.47,65.47,477810
VJC,20170315,72.50,72.78,68.00,68.28,662540
VJC,20170314,73.28,73.51,72.78,72.78,410150
VJC,20170313,73.90,74.13,73.23,73.62,566660
VJC,20170310,73.40,73.62,72.39,73.62,436480
VJC,20170309,72.33,73.62,72.33,73.40,635920
VJC,20170308,73.11,74.46,71.09,73.06,916200
VJC,20170307,77.22,77.28,73.12,74.46,901520
VJC,20170306,75.31,77.56,74.24,77.22,1155300
VJC,20170303,74.24,74.24,69.41,74.24,2750050
VJC,20170302,69.41,69.41,69.41,69.41,190550
VJC,20170301,64.92,64.92,64.92,64.91,99100
VJC,20170228,60.70,60.70,60.70,60.70,12030
