T + 0 (low):
0.9935
0.9844
0.9914
0.9924
0.9924
0.9832
0.9895
0.9988
0.9951
0.9936
0.989706666667
0.9918
0.9964
0.9974
0.9951
0.9919
0.9905
0.9827
0.9867
0.9866
0.9848
0.9903
0.996
0.995908333333
0.990911111111
0.99219
0.9955
0.9883
0.9948
0.9891
0.9877
0.9901
0.9889
0.9918
0.9924
0.9898
0.9918
0.9861
0.9925
0.9889
0.9915
0.9901
0.9874
0.9925
0.9945
0.9915
0.9876
0.99
0.9896
0.9845
0.9936
0.9941
0.9924
0.9909
0.9877
0.9961
0.9955
0.9957
0.989511111111
0.9931
0.9833
0.9922
0.992
0.99271
0.9946
0.9904
0.989
0.9933
0.9898
0.9958
0.9907
0.9952
0.9914
0.9916
0.994
0.9934
0.9895
0.9911
0.9883
0.99
0.9832
0.9901
0.9958
0.9887
0.9875
0.990909090909
0.995
0.988
0.9921
0.9892
0.9925
0.9927
0.9884
0.9922
0.9913
0.9843
0.9876
0.9935
0.9929
0.987
T + 3 (up):
0
1
1
1
1
1
1
1
1
0
1
1
1
1
1
1
1
0
1
1
0
1
0
1
1
1
1
1
1
1
1
1
1
0
0
0
1
1
1
1
1
1
1
0
1
1
1
1
1
1
1
1
0
1
1
1
1
1
1
1
1
1
1
1
1
1
1
1
1
1
1
1
1
1
1
1
1
1
1
1
0
0
1
1
1
1
1
1
0
0
1
1
1
1
1
1
1
0
1
1
