T + 0 (low):
0.9838
0.9835
0.9825
0.9801
0.9894
0.9822
0.9783
0.9873
0.9882
0.9841
0.9824
0.9784
0.9736
0.9759
0.97771
0.9942
0.9779
0.9764
0.9844
0.9867
0.9832
0.9877
0.9741
0.9902
0.9863
0.9869
0.9789
0.9801
0.9819
0.9866
0.9786
0.9694
0.9784
0.9859
0.9878
0.983
0.9752
0.9771
0.9912
0.985
0.9877
0.9733
0.9881
0.9827
0.9934
0.9876
0.9795
0.9821
0.9773
0.9902
0.9747
0.9912
0.9766
0.9866
0.9867
0.9897
0.9831
0.9937
0.9895
0.9731
0.9872
0.990009090909
0.9747
0.9909
0.9674
0.9748
0.9842
0.9706
0.9856
0.9888
0.9836
0.9828
0.9919
0.9832
0.9762
0.9789
0.9885
0.9747
0.9844
0.9827
0.9761
0.9843
0.983
0.9742
0.9881
0.9932
0.9813
0.9777
0.9888
0.9856
0.9683
0.9726
0.9765
0.9847
0.9809
0.9935
0.9794
0.9846
0.9846
0.9743
T + 3 (up):
1
1
1
1
1
1
1
1
1
1
1
1
1
1
1
1
1
1
1
1
1
1
1
1
1
1
1
1
1
1
1
1
1
1
1
1
0
1
1
1
1
1
1
1
1
1
1
1
1
1
1
1
1
1
1
1
1
1
1
1
1
1
1
1
1
1
1
1
1
1
1
1
1
1
1
1
1
1
1
1
1
1
1
1
1
1
1
0
1
1
1
1
1
1
1
1
1
1
1
1
