T + 0 (low):
0.9922
0.9918
0.9833
0.9915
0.991188888889
0.9784
0.9939
0.9799
0.9909
0.994
0.9861
0.985
0.9928
0.9902
0.9832
0.9841
0.9876
0.9869
0.9852
0.9831
0.9857
0.9835
0.9804
0.9861
0.9887
0.99
0.9913
0.9779
0.9837
0.9877
0.9932
0.991
0.9854
0.9923
0.994
0.9859
0.9874
0.9866
0.9877
0.9895
0.9881
0.9863
0.9877
0.9895
0.982088888889
0.9907
0.9859
0.9891
0.9843
0.9913
0.986
0.9828
0.9937
0.9937
0.9867
0.9923
0.9829
0.98709375
0.9935
0.9875
0.987
0.9865
0.9909
0.9858
0.9951
0.9889
0.9904
0.9904
0.9936
0.9907
0.9916
0.981
0.9914
0.9801
0.983
0.9871
0.9842
0.987
0.9829
0.9802
0.9937
0.9823
0.9904
0.9914
0.9802
0.986721111111
0.977
0.9948
0.9915
0.9848
0.9911
0.983
0.9878
0.9883
0.9893
0.9886
0.9808
0.9883
0.983
0.991
T + 3 (up):
1
1
1
1
1
1
1
1
1
1
1
1
1
1
1
1
1
1
1
1
0
1
1
1
1
1
1
1
1
1
1
1
1
1
1
1
0
1
0
0
1
1
1
1
1
1
1
1
1
1
1
1
1
1
1
1
1
1
1
1
1
1
0
1
1
1
1
1
1
1
1
1
0
1
1
1
1
1
1
1
1
1
1
1
1
1
1
1
1
1
0
0
1
1
1
1
1
1
1
1
