T + 0 (low):
0.991095
0.9872
0.9856
0.982
0.9811
0.9871
0.9833
0.989488888889
0.9854
0.9829
0.984496296296
0.9888
0.9833
0.991
0.9849
0.993088888889
0.9909
0.9858
0.9867
0.9854
0.9841
0.9889
0.9871
0.9909
0.9849
0.9876
0.9905
0.9856
0.9828
0.98449
0.980705555556
0.9914
0.9858
0.9952
0.9916
0.9798
0.9788
0.9894
0.98541
0.992091666667
0.9963
0.9828
0.9884
0.981709677419
0.9877
0.9882
0.9954
0.9839
0.9873
0.9904
0.9881
0.9862
0.985210526316
0.984508333333
0.9895
0.9824
0.9905
0.9836
0.9864
0.9837
0.9784
0.9904
0.9845
0.977
0.9785
0.9916
0.9863
0.9845
0.9879
0.9882
0.9773
0.9834
0.9881
0.9871
0.9805
0.983
0.9882
0.979608333333
0.9853
0.9858
0.9868
0.9831
0.9876
0.9886
0.9909
0.99
0.9867
0.9906
0.9918
0.9863
0.9884
0.9872
0.9889
0.9798
0.9857
0.9702
0.9878
0.9855
0.9912
0.9786
T + 3 (up):
1
1
1
1
1
1
1
0
1
1
1
1
1
1
1
1
0
1
1
1
1
1
1
1
1
1
1
1
1
1
1
1
1
1
1
1
1
1
0
1
1
1
1
1
1
1
1
1
1
1
1
1
1
1
1
1
1
1
1
1
0
1
1
1
1
1
1
1
1
1
1
1
1
1
1
1
1
1
1
1
1
1
1
1
1
1
1
1
1
1
1
1
1
1
1
1
1
1
1
1
